 Structure Age Ascl1 Bdnf Creb1 Cux2 Fez1 Hes1 Mef2c Myt1l Neurod1 Neurog1 Neurog2 Nog Olig2 Otx1 Otx2 Pax3 Pax5 Pax6 Pou3f2 Pou4f2 Prox13 Satb2 Sox10 Sox11 Sox12 Sox2 Sox3 Sox4 Sox5 Sox6 Sox7 Sox8 Sox9 Stat3
0 0 5.55895 0.0113216 0.224517 0.856729 3.68449 1.69683 0.316953 0.0175213 0.352269 0.429001 2.44939 0.053855 0.444139 0.0336372 2.68661 0.125528 0.0237784 4.65841 6.73525 0.0764644 -1 1.17037 0.656181 6.69815 2.79904 8.60595 7.84341 4.93811 1.03775 0.051157 0.0952716 0.0130393 0.505097 0.318129
0 1 4.04562 0.0141381 0.193721 0.37413 6.45682 1.76622 0.154954 1.93432 0.490456 0.220225 3.51952 0.0165351 0.338459 0.0778154 0.929781 0.0699076 0.0265462 1.87559 5.57609 0.00273646 -1 0.314682 0.0514955 0.794008 0.532533 10.0671 1.42507 3.14375 0.963344 0.262098 0.40756 0.0579375 0.432285 0.0512863
0 2 1.12855 0.0344268 0.098197 0.307409 6.97118 0.262341 0.094871 4.28597 0.0686388 0.0121863 0.336316 0.024251 0.273194 0.0522904 0.218988 0.0113581 0.0285035 0.594718 7.74257 0.00671019 -1 0.293651 0.0466425 0.293208 2.23916 4.33746 0.455683 3.39864 0.497456 0.133377 0.00664552 0.0763365 0.150881 0.100641
0 3 0.431499 0.349358 0.0458935 1.26586 5.73296 1.20172 0.24035 3.97508 0.0825652 0.189015 0.38454 0.0635178 2.39523 0.0295745 0.741474 0.0297189 0.383831 0.798121 7.02461 0.172685 -1 0.843726 0.617335 0.98056 1.20453 4.19508 0.0108821 0.0534611 0.0637447 0.287918 0.162332 0.467206 0.671089 0.138082
0 4 0.0777631 0.150218 0.0711214 2.97738 17.3962 0.209543 0.256283 4.39412 0.151802 0.479393 2.92416 0.208734 3.17381 0.0877545 0.38701 0.375525 0.369402 1.54699 13.5923 0.0425392 -1 2.08117 0.150403 0.0698952 4.36079 1.50083 0.236702 2.84811 4.90107 0.0875282 0.0407455 0.395921 0.232486 0.832414
0 5 1.30237 2.90487 0.309031 2.16633 11.7332 0.108574 0.310082 7.40015 0.0140256 0.451891 1.21204 3.22938 3.06589 0.689533 0.683082 0.00397013 0.00568767 0.965768 11.5765 0.344289 -1 1.01648 4.24196 0.04237 1.44285 3.36825 -1 1.25725 1.44049 2.16465 2.26586 7.15847 0.136924 1.49504
0 6 1.19592 0.892541 0.0845078 1.35606 11.394 0.0365831 2.08127 6.08698 0.0614455 0.285799 0.102582 0.257813 1.10795 0.0971109 0.517261 0.0248592 0.184601 0.135489 7.56548 0.17735 -1 0.114477 5.37676 0.117173 3.05676 5.81416 0.498323 0.483934 1.37672 0.144887 0.153625 3.67843 0.0488103 1.79275
0 7 7.38249 2.06002 -1 8.82542 -1 5.34713 23.8748 -1 1.0242 -1 -1 1.46858 10.972 -1 0.678783 0.37335 -1 0.0885091 -1 -1 -1 7.49983 2.9094 0.119386 -1 1.96668 -1 -1 1.08175 -1 -1 6.57251 0.0959634 2.46964
1 0 10.7396 0.0286244 0.296702 1.83251 4.8002 1.27974 0.208307 0.0862222 0.747005 1.00124 9.45068 0.413721 1.7999 0.126873 3.76259 0.0903411 0.0462646 8.43793 21.5708 0.0238818 -1 0.134217 0.414669 7.97456 5.13058 13.7095 11.0606 8.62726 2.06059 0.420169 0.150788 0.039896 0.712648 0.326359
1 1 4.39756 0.028382 0.403212 1.4794 16.888 3.29799 0.834664 2.999 1.46751 1.07012 5.4002 0.0508946 0.192592 0.165155 1.23659 0.0429179 0.246594 5.99735 8.5365 0.0367066 -1 1.96253 0.0450265 3.58202 0.532034 11.2904 2.57616 5.02872 4.40269 0.492558 0.221317 0.475562 0.35383 0.0538911
1 2 0.651247 0.0377685 0.108393 1.01115 9.44511 0.160927 1.67328 7.42652 2.02932 0.0439633 6.29059 0.0110472 0.284701 0.0458032 0.943529 0.0424445 0.0304867 4.01235 9.97537 0.0171976 -1 6.06155 0.0423141 2.40786 2.82064 2.01767 0.642174 6.03318 7.5606 0.320979 0.0146791 0.416406 0.0785896 0.125687
1 3 0.769566 0.111315 0.0267645 5.16231 10.78 0.816488 6.95785 6.14931 1.04387 0.134549 1.74402 0.0364965 2.01138 0.0497324 0.796792 0.0441153 0.164995 2.01833 8.46127 0.130488 -1 8.63577 0.563331 6.18451 2.35617 3.14709 0.0417334 0.467488 1.30899 0.169527 0.0986838 1.14885 0.661778 0.105233
1 4 0.255982 0.0514281 0.0807336 6.9239 16.9696 0.187636 11.4926 6.72887 0.753308 0.521128 2.63143 0.103069 3.7115 0.152686 0.293299 0.150255 0.168995 1.66218 15.1574 0.0367023 -1 10.3974 0.184093 1.29344 7.05336 1.15095 0.537704 5.07265 8.10533 0.0305132 0.0339662 0.826201 0.117453 0.37982
1 5 1.39224 2.79643 0.625974 5.25578 15.9914 0.25986 10.7104 11.7723 0.865447 0.438476 1.08807 5.93692 3.37499 1.01839 0.777818 0.00871356 0.0210408 1.05681 14.6677 0.192897 -1 6.69112 7.56897 1.15427 2.31876 3.16069 -1 2.93694 3.02203 2.68587 2.36526 7.04216 0.0708282 1.28161
1 6 1.26152 1.27488 0.246412 4.67139 15.4987 0.236473 11.2164 12.9954 0.549284 0.263121 0.472157 0.807638 1.24595 0.128947 0.590483 0.0821415 0.08793 0.523879 12.1802 0.0931985 -1 3.4973 6.77162 0.110551 4.75671 4.00542 1.74473 0.85386 3.50073 0.586384 0.14128 4.87059 0.0387881 1.18064
1 7 -1 -1 -1 -1 -1 -1 -1 -1 -1 -1 -1 -1 -1 -1 -1 -1 -1 -1 -1 -1 -1 -1 -1 -1 -1 -1 -1 -1 -1 -1 -1 -1 -1 -1
2 0 8.09905 0.00122758 0.142281 1.13808 6.41923 1.16258 0.0957654 0.00979907 0.690866 0.490782 16.0511 0.0674483 6.06669 0.073855 14.6203 0.00238897 0.0136367 7.87733 11.481 0.0102044 -1 0.0694977 0.0630519 8.46392 2.95985 15.6127 2.55495 7.36075 0.745791 0.0402407 0.0347829 0.00437517 0.464677 0.177267
2 1 2.88998 0.0060968 0.130055 0.566696 5.71528 0.339786 0.0940463 2.78114 0.515596 0.125342 2.2039 0.0623348 0.376258 0.0516567 4.27976 0.00637241 0.0261029 11.084 6.24145 0.00462609 -1 0.419209 0.0187723 0.856328 0.649748 5.7331 0.611663 4.00816 0.551603 0.25951 0.161143 0.170023 0.165566 0.0241931
2 2 0.238379 0.0470537 0.090183 0.392833 7.8906 0.104162 0.0868484 5.03234 0.0982271 0.0148416 0.597137 0.024683 1.13605 0.0816657 0.394815 0.00769761 0.0192924 3.03706 11.2917 0.0036789 -1 0.12577 0.0187107 0.256173 2.82373 2.53716 0.295324 3.81647 0.385258 0.182962 0.0086937 0.0692371 0.0395528 0.0292997
2 3 0.292228 0.316542 0.0101219 2.28631 6.70819 0.824805 0.0770967 5.86913 0.456156 0.0833203 0.426657 0.046929 2.85694 0.03579 1.05463 0.019358 0.177006 2.95125 9.20163 0.0593399 -1 0.47717 0.634303 1.001 1.81468 3.11558 0.00651953 0.0296976 0.0742752 0.088465 0.0814984 0.387944 0.430362 0.310784
2 4 0.0756685 0.106671 0.0336253 4.04033 17.2568 0.178248 0.215429 5.94034 0.188641 0.312281 3.52777 0.138378 4.25182 0.0348405 0.215568 0.164734 0.224393 2.86254 15.4577 0.0244172 -1 1.24888 0.205965 0.125999 6.61224 1.7962 0.263176 2.50312 5.34576 0.0395685 0.014638 0.433112 0.0859665 0.697119
2 5 0.941982 2.1353 0.229251 2.94479 11.4063 0.0583828 0.362946 8.03672 0.0240044 0.21454 0.626035 3.1471 3.7191 0.555753 0.354999 0.0045309 0.0111055 1.66323 13.0221 0.0949899 -1 0.905008 5.30997 0.0512673 1.49065 2.36119 -1 1.10377 1.25059 1.73807 1.68025 7.02907 0.0245796 1.04129
2 6 0.744158 0.722422 0.043707 2.28537 14.6315 0.0356223 1.75736 6.83427 0.0751576 0.126952 0.101161 0.301894 1.52025 0.113089 0.199477 0.0265057 0.0582077 0.802691 8.92756 0.0430547 -1 0.0556694 7.52609 0.0758928 3.44556 5.86878 0.383411 0.385204 1.70773 0.178292 0.0800057 5.84942 0.0159268 1.55476
2 7 -1 -1 -1 -1 -1 -1 -1 -1 -1 -1 -1 -1 -1 -1 -1 -1 -1 -1 -1 -1 -1 -1 -1 -1 -1 -1 -1 -1 -1 -1 -1 -1 -1 -1
3 0 15.0949 0.00115546 0.230206 1.36663 6.94504 1.21889 0.0855783 0.0144222 0.896485 0.915065 18.9883 0.0971861 3.20478 0.177853 14.0246 0.0243831 0.0214071 15.7274 13.4755 0.0163369 -1 0.0482127 0.0174359 7.85728 2.69512 13.0097 2.35748 9.1193 0.361055 0.0550528 0.0503741 0.00710529 0.410889 0.108154
3 1 9.15589 0.00547163 0.191894 0.429622 5.15972 0.647704 0.049036 1.33071 0.389013 0.516696 3.81228 0.0141659 0.443911 0.3925 11.4544 0.00644198 0.00949747 11.7904 6.1381 0.00185021 -1 0.0247372 0.012392 2.07349 0.568685 10.1847 0.320652 5.85927 0.516255 0.259449 0.183921 0.105757 0.0786876 0.0120923
3 2 0.474582 0.0695821 0.0989687 0.422213 7.99393 0.097618 0.0649467 5.81635 0.30185 0.00804414 1.70993 0.0122512 1.51239 0.070684 3.22264 0.0082986 0.128399 13.3361 12.7832 0.00673065 -1 0.227416 0.0168474 0.309015 3.34567 5.79337 0.299172 4.1847 0.367022 0.181308 0.00695105 0.0850683 0.036785 0.0334341
3 3 0.379774 0.303667 0.0331299 2.8368 6.62253 0.691647 0.0367398 6.67135 0.530356 0.0723084 0.865977 0.0338576 2.97223 0.0280833 2.39646 0.0272424 0.172942 8.9754 9.82101 0.0207512 -1 0.185074 0.633807 1.19048 2.43021 2.98029 0.00794795 0.0510545 0.137077 0.0515559 0.0643796 0.413591 0.356402 0.139358
3 4 0.0748121 0.128755 0.0361915 4.31424 15.6279 0.159729 0.131682 6.16579 0.301827 0.310861 3.21127 0.117716 4.38416 0.0231103 0.522411 0.138701 0.221428 5.16404 15.1449 0.0214864 -1 0.77767 0.237792 0.168572 6.89315 1.22204 0.233555 2.18173 4.74778 0.0194288 0.0105224 0.49499 0.0591974 0.523823
3 5 0.907723 1.82753 0.201675 4.29832 13.4558 0.0854022 0.596232 8.58271 0.195972 0.201883 0.711766 4.72967 5.3398 0.509574 0.799169 0.0162546 0.0125731 2.85127 12.5551 0.0853249 -1 0.896406 8.02752 0.12195 1.64526 3.5675 -1 1.27151 1.46214 1.71951 1.48702 8.46101 0.0189637 1.12362
3 6 0.761465 0.625332 0.0421546 3.61326 15.7232 0.04685 1.54886 7.18068 0.0721797 0.0737023 0.112912 0.321047 1.71085 0.0664162 0.354913 0.0177863 0.0592638 1.02442 8.77256 0.0309626 -1 0.0335334 8.68977 0.0363267 3.00521 5.07638 0.684373 0.395104 1.67229 0.173442 0.0500181 6.19651 0.0132228 1.20625
3 7 -1 -1 -1 -1 -1 -1 -1 -1 -1 -1 -1 -1 -1 -1 -1 -1 -1 -1 -1 -1 -1 -1 -1 -1 -1 -1 -1 -1 -1 -1 -1 -1 -1 -1
4 0 6.82418 0.0118776 0.327503 3.03977 5.38314 0.975885 0.128941 0.0163937 1.55402 1.65978 21.0785 0.239017 0.673492 0.26262 22.9151 2.10731 0.0136861 6.87708 25.8061 0.03165 -1 0.0699184 0.023639 7.66431 2.96841 16.0471 3.73842 9.22112 0.511084 0.0973879 0.0693029 0.0180724 0.307231 0.164645
4 1 1.40543 0.0163466 0.171478 0.686693 6.7508 3.52023 0.0931833 0.85044 2.10513 1.24375 9.36027 0.0127602 0.097009 0.428014 15.0721 0.142364 0.026565 5.70738 6.7114 0.00347316 -1 0.0200003 0.00586345 0.733816 0.501106 10.6718 2.82014 5.38297 0.602702 0.414219 0.390224 0.0720895 0.374225 0.0391404
4 2 0.514675 0.0527308 0.0856441 0.448952 6.90515 0.104891 0.0513523 4.09449 1.3708 0.00751372 5.90613 0.00541988 0.623101 0.201731 3.28716 0.0534321 0.283716 6.25538 10.4803 0.00540541 -1 0.184928 0.0130886 0.429199 3.41216 10.2063 0.175786 5.93344 1.24162 0.147171 0.00487449 0.0453403 0.084719 0.106839
4 3 0.446068 0.439969 0.0134255 2.72245 5.41302 0.803104 0.875325 6.32458 2.22464 0.129913 1.3972 0.0351999 2.69928 0.0538904 3.58922 0.0370851 0.232195 1.92964 7.64579 0.0328738 -1 1.64046 0.526 1.27602 2.44787 5.68852 0.0075731 0.0927017 0.582926 0.119991 0.105719 0.349881 0.363916 0.111696
4 4 0.0704814 0.105026 0.0474061 5.10942 14.0725 0.22158 0.690167 5.55329 1.21954 0.249139 2.86421 0.250268 4.28781 0.0273981 0.866331 0.17621 0.177204 2.09633 15.1065 0.0208069 -1 0.848163 0.162851 0.520653 7.56327 2.80122 0.145289 3.43213 6.6324 0.0176802 0.0138635 0.512926 0.0457158 0.375471
4 5 0.855626 2.38155 0.252707 5.43565 11.4296 0.0976161 2.23531 9.61591 0.992446 0.188592 0.829524 5.69069 4.56011 0.495846 1.48843 0.016442 0.0143846 0.68355 12.4473 0.0599862 -1 2.1807 6.66923 0.758224 1.91053 3.98942 -1 1.87986 1.68588 1.77763 1.0926 7.08237 0.0196772 1.57299
4 6 0.88497 0.967962 0.0404009 4.99083 13.2084 0.0171801 4.30666 8.86688 0.299417 0.0719132 0.103569 0.363493 1.30247 0.0286504 0.653564 0.031096 0.0457779 0.426644 9.19661 0.0348942 -1 0.0497539 7.15854 0.0321322 3.23696 5.27041 0.496754 0.439324 2.44372 0.103712 0.0933496 4.91437 0.0123447 1.16158
4 7 -1 -1 -1 -1 -1 -1 -1 -1 -1 -1 -1 -1 -1 -1 -1 -1 -1 -1 -1 -1 -1 -1 -1 -1 -1 -1 -1 -1 -1 -1 -1 -1 -1 -1
5 0 14.0337 0.0449079 0.171218 5.00045 5.84333 0.256359 0.123899 0.0720774 1.9949 1.05599 16.6422 0.522412 0.64427 0.354909 20.7282 3.05497 0.0158106 7.79126 37.6392 0.0127995 -1 0.167283 0.0106746 7.88966 3.54801 8.76805 5.94147 14.8091 0.890427 0.137514 0.457689 0.0402799 0.84094 0.156687
5 1 2.49387 0.0090893 0.142943 1.82667 7.82113 1.03442 0.180158 3.34075 0.763793 0.352877 3.94135 0.0214005 0.111823 0.923241 23.6624 1.99598 0.0529059 6.39783 7.45891 0.00463597 -1 0.0409423 0.010111 0.568591 0.846903 5.51503 1.47015 4.79608 0.641308 0.533794 0.355583 0.201839 0.222016 0.0178298
5 2 0.274522 0.0750959 0.114296 0.911551 8.37888 0.123969 0.103524 7.97647 0.154733 0.0146679 2.4315 0.0172002 0.540913 0.794908 4.13788 1.31546 2.18805 4.69431 15.3265 0.0218905 -1 0.040049 0.02633 0.245282 3.95855 2.25672 0.226734 4.16782 0.867977 0.199233 0.00638496 0.0891824 0.0309047 0.0772378
5 3 0.539065 0.599714 0.0147816 3.3966 8.24311 0.990488 0.57191 9.21083 0.744493 0.306237 0.918756 0.0435087 2.92738 0.181799 9.61244 0.29147 0.779125 5.19705 11.4783 0.0972606 -1 6.61563 0.87368 0.92967 2.9058 3.64689 0.028918 0.0592999 0.120945 0.286435 0.210138 0.49853 0.573647 0.129987
5 4 0.104005 0.151391 0.0305922 5.0388 15.5701 0.127285 1.09291 6.39405 0.747888 0.366043 2.75365 0.169511 4.07947 0.0844462 2.21661 1.00124 0.649084 1.71896 16.6735 0.0687599 -1 2.38129 0.245561 0.0975917 6.27892 0.70905 0.179619 2.48454 3.86733 0.0199483 0.0166665 0.567409 0.0675107 0.513878
5 5 0.765476 1.72195 0.201501 4.44968 13.4169 0.0866066 0.533358 7.47137 0.337887 0.188697 0.700182 2.86593 4.76578 0.726007 2.697 0.212073 0.0557327 0.893749 12.7142 0.0766798 -1 1.45562 6.50918 0.0722623 1.78401 3.21183 -1 1.22902 0.758574 1.70535 0.916745 7.35738 0.0161426 1.30062
5 6 0.655761 0.676509 0.036705 3.14032 15.2416 0.0174747 0.963924 6.98244 0.116637 0.0755447 0.102918 0.184523 2.01745 0.103473 0.8133 0.188707 0.136857 0.234878 9.48706 0.0452285 -1 0.0310355 7.9446 0.0364401 2.95904 4.13554 0.274264 0.380812 1.57236 0.10553 0.187139 5.77561 0.0118789 1.20419
5 7 -1 -1 -1 -1 -1 -1 -1 -1 -1 -1 -1 -1 -1 -1 -1 -1 -1 -1 -1 -1 -1 -1 -1 -1 -1 -1 -1 -1 -1 -1 -1 -1 -1 -1
6 0 15.548 0.073237 0.199709 4.3231 5.56647 0.467296 0.141834 0.0549411 1.03879 1.21893 6.57771 0.605861 0.91422 0.225791 25.4997 6.89866 0.499607 2.19441 34.6239 0.0241639 -1 0.171576 0.0822231 9.99636 3.06921 11.1393 10.5308 14.6875 0.847096 0.0684342 0.122747 0.0161762 0.607005 0.394083
6 1 6.84355 0.0120304 0.591733 0.990026 21.9474 0.748493 0.402595 3.2546 0.342579 2.1762 1.00716 0.0507045 0.0726445 0.885822 17.1714 2.6093 0.842987 0.938523 16.258 0.0596879 -1 0.0892601 0.00838813 2.28066 0.82043 11.6344 1.23199 6.84192 0.385053 1.25666 0.403718 0.356965 0.438414 0.0180164
6 2 1.33985 0.0437133 0.439151 0.551183 13.4283 0.255033 0.470513 8.4901 0.142934 0.185626 0.556279 0.0239738 0.621154 0.283512 10.9075 1.80529 2.41078 0.890744 23.8636 0.280027 -1 0.0892179 0.0210651 0.879069 3.74744 1.43623 0.503283 5.01403 0.24809 0.394189 0.00881055 0.143614 0.143621 0.075593
6 3 0.6034 0.392707 0.027767 2.74756 10.9241 1.26571 0.437672 10.9301 1.12811 0.37078 0.792906 0.0657007 2.29586 0.0880515 14.6169 0.114136 1.25899 1.64307 13.7293 0.50542 -1 1.98064 0.788458 2.88944 2.42566 4.67304 0.0395625 0.144949 0.0647374 0.535354 0.167556 0.570864 0.861592 0.132889
6 4 0.135135 0.0849645 0.0601694 5.61087 20.4707 0.359936 1.32552 7.34555 1.46042 0.878687 2.30595 0.227871 3.74738 0.245835 4.95144 0.898968 0.94104 1.41446 21.8438 0.403175 -1 5.76468 0.149119 0.292555 7.21274 1.125 0.388221 5.71528 3.5349 0.0598586 0.0327055 0.468938 0.216055 0.66895
6 5 1.74736 1.28159 0.259564 4.91723 13.4722 0.137865 0.944005 8.91955 1.67558 1.07788 1.09147 3.31338 5.60317 0.712185 4.31076 0.0332925 0.0377021 1.0714 16.3464 0.304219 -1 2.76277 6.82859 0.809247 1.92507 2.74217 -1 2.11813 0.826388 2.3518 1.07115 7.2556 0.0847419 1.51662
6 6 0.75683 0.422041 0.0749859 2.70095 16.2567 0.0141642 2.17363 7.35955 1.05823 0.277971 0.110405 0.180727 2.0851 0.0535487 2.06316 0.0433056 0.160702 0.086829 10.5291 0.155003 -1 0.155216 7.6582 0.0413457 3.15781 4.82135 0.407555 0.396427 1.38801 0.0617537 0.112795 5.08741 0.0225141 1.04478
6 7 -1 -1 -1 -1 -1 -1 -1 -1 -1 -1 -1 -1 -1 -1 -1 -1 -1 -1 -1 -1 -1 -1 -1 -1 -1 -1 -1 -1 -1 -1 -1 -1 -1 -1
7 0 7.98996 0.0323449 0.240974 3.93635 8.74492 0.380086 0.18797 0.0419552 0.861089 3.81435 4.98588 0.504323 0.318842 0.0333841 8.20845 7.23892 0.935312 6.61392 35.3936 0.0382729 -1 0.103089 1.65026 9.88167 2.43893 10.4138 9.26652 15.3776 0.403766 0.075534 0.0792996 0.014743 0.470274 0.235894
7 1 1.18338 0.0203301 0.244028 1.94466 11.4489 1.29468 0.15995 3.16136 0.624067 0.321305 3.12506 0.0900154 0.251849 0.335595 6.69439 1.70561 6.38863 1.13731 13.3522 0.0480194 -1 0.101656 0.112191 1.23264 0.529693 8.14334 0.630233 5.23009 0.447632 0.497845 0.474162 0.19918 0.359355 0.0765597
7 2 0.689019 0.0831436 0.136464 1.12995 10.1183 0.140116 0.150951 6.60406 0.896122 0.110413 0.69466 0.0501092 0.757914 0.156866 3.66298 0.90733 3.5363 2.79857 13.1327 0.0331828 -1 0.0846486 0.0369089 0.353297 3.81088 2.21293 0.608503 5.30655 0.231155 0.126037 0.0510387 0.163788 0.0457308 0.135177
7 3 1.07037 0.265559 0.0193098 3.14808 7.93112 1.33722 0.237453 7.2088 4.30902 0.470202 0.875523 0.110466 3.16437 0.0618551 3.44373 0.339457 1.10382 5.80162 8.42172 0.14967 -1 0.267685 1.16984 1.59021 2.56688 6.23582 0.0235134 0.120362 0.0736003 0.199494 0.146888 0.786938 0.907267 0.222415
7 4 0.758796 0.0960965 0.0386181 3.62952 15.1549 0.289303 0.444338 4.25818 8.35369 0.680909 2.71237 0.141071 4.72932 0.175505 1.19 2.20046 1.48804 5.96697 13.1287 0.070214 -1 0.645825 0.476537 0.877381 5.80747 1.41937 0.325856 2.59447 2.65696 0.0795754 0.0366465 1.09607 0.222682 0.65465
7 5 1.3717 0.487613 0.444571 2.78432 8.93725 0.105639 0.395467 5.47126 6.52389 0.766818 1.02522 2.48098 3.80562 0.84582 1.83021 0.0500431 0.0392243 4.01941 9.09263 0.259132 -1 1.25792 5.65389 4.58708 1.22571 2.76781 -1 2.51458 0.963499 1.83883 2.22026 5.58118 0.0741818 1.19765
7 6 1.03492 0.124748 0.0693964 1.63243 11.2527 0.0108422 1.25467 3.11968 12.8319 0.27294 0.196821 0.297214 0.855231 0.0445217 0.881559 0.0960796 0.0847122 0.338737 3.91652 0.107336 -1 0.177814 5.20083 0.0433771 1.81645 2.84329 0.290668 0.222737 1.04149 0.150743 0.0746742 2.87722 0.0320164 0.505421
7 7 -1 -1 -1 -1 -1 -1 -1 -1 -1 -1 -1 -1 -1 -1 -1 -1 -1 -1 -1 -1 -1 -1 -1 -1 -1 -1 -1 -1 -1 -1 -1 -1 -1 -1
8 0 8.99271 0.0141099 0.284586 7.70491 10.7039 0.373829 0.118515 0.263101 1.06423 6.4726 4.51471 0.158542 0.139175 0.0509128 0.354861 3.11665 0.0645094 4.50476 39.1284 0.0673928 -1 0.153307 2.3438 9.34699 3.00837 14.7345 7.94083 17.4148 0.325119 0.0384044 0.13499 0.0404731 0.386536 0.182426
8 1 1.04796 0.0160455 0.110718 2.69912 9.3156 1.4894 0.118919 3.18544 1.35987 0.225916 2.00517 0.082083 0.209134 0.0434368 3.94908 0.573165 0.0456971 0.301197 10.591 0.00512309 -1 0.130001 0.728027 0.438474 0.524171 10.3595 0.708745 4.02916 0.645742 0.204113 0.684552 0.160767 0.17909 0.169826
8 2 0.405904 0.126105 0.117234 1.45305 8.54348 0.161024 0.0891418 8.00627 0.311482 0.0371285 0.490667 0.0575008 0.203168 0.0446525 1.79362 0.356592 0.258816 4.76427 12.4052 0.0188338 -1 0.0354095 0.220085 0.599348 4.11185 1.418 0.650148 2.7078 0.515762 0.184595 0.00629152 0.26569 0.0520406 0.280316
8 3 0.784266 0.395006 0.016413 3.64277 9.36214 1.28653 0.117223 12.2203 0.836537 0.614237 0.824424 0.128816 3.10861 0.0483503 1.73983 0.121527 0.503945 3.16713 8.48221 0.103089 -1 0.154183 1.92483 2.21526 2.91352 4.07133 0.0281338 0.0614219 0.300744 0.245522 0.196124 1.31204 0.818737 0.321945
8 4 0.106092 0.215216 0.050365 4.09643 16.8849 0.320501 0.200824 8.27912 1.82664 1.0161 3.32349 0.175159 5.81496 0.270061 1.22151 0.692195 0.724404 3.55537 11.4713 0.0528723 -1 0.748405 0.814445 0.0886323 6.8352 1.39682 0.433661 2.31165 5.43355 0.0580387 0.026389 1.43189 0.166208 0.948065
8 5 1.06296 1.43048 0.269269 4.48251 15.9855 0.123109 0.102367 7.47968 0.527869 0.631722 0.856655 3.42278 7.80353 0.484174 1.24265 0.00463679 0.0373416 1.41861 10.8534 0.176617 -1 0.949379 9.73812 0.179418 1.60402 3.9244 -1 1.57974 1.44352 1.5528 1.74462 10.2543 0.102752 2.0616
8 6 1.51067 0.557064 0.088289 2.48834 15.9666 0.0362203 0.847571 4.78425 0.671019 0.613876 0.340268 0.444246 2.40519 0.0876432 1.73552 0.0548481 0.146732 0.361303 7.33321 0.185803 -1 0.0534907 7.94836 0.0692571 2.3545 4.07908 0.726705 0.382047 2.16193 0.239905 0.124644 5.6301 0.0285851 1.43288
8 7 17.1519 3.71158 -1 6.7084 -1 3.6153 0.272938 -1 0.125989 -1 -1 1.12035 6.26595 -1 0.586709 0.170832 -1 0.232796 -1 -1 -1 0.00268894 3.55888 0.0723839 -1 2.54265 -1 -1 0.53387 -1 -1 2.42876 0.140234 2.0229
9 0 3.79417 0.0192492 0.248266 8.86157 9.90685 0.503116 0.164636 0.182025 0.318397 3.74463 3.69346 0.424896 0.134776 0.0597688 0.356396 3.5097 0.0391416 1.48204 37.3373 0.0547977 -1 0.218828 1.27825 15.2536 3.82791 15.2434 8.46208 13.7629 0.453754 0.0732152 0.238747 0.0594065 0.819889 0.182127
9 1 0.67588 0.00581439 0.133963 2.48288 9.90562 1.84859 0.147914 3.33803 1.70795 0.667455 0.21212 0.0174798 0.246288 0.029959 0.619949 0.484158 0.0620903 1.18755 10.551 0.00790437 -1 0.0314424 0.261832 0.763476 0.940379 13.513 0.619139 4.5064 0.717292 0.274203 0.594145 0.352009 0.599371 0.0940425
9 2 0.351769 0.1085 0.136738 1.62498 11.2008 0.157526 0.139103 7.50658 0.0954351 0.0106864 0.194309 0.0223525 0.305464 0.0469494 0.363823 0.5377 0.067697 2.92419 14.525 0.032228 -1 0.0211002 0.252186 0.278984 4.9588 1.69842 0.541523 3.32279 0.388575 0.182953 0.00484823 0.403868 0.0819898 0.222623
9 3 0.940182 0.536465 0.0177161 4.20743 8.63867 1.50749 0.0627811 7.69689 0.204289 0.887116 0.975135 0.201337 3.8213 0.0349007 1.17805 0.0902757 0.577061 4.0142 9.36076 0.0486195 -1 0.258155 2.45006 0.878033 1.92068 4.72363 0.0533925 0.0314902 0.0853269 0.282505 0.285796 1.48655 0.944453 0.489266
9 4 0.125422 0.157635 0.0345922 4.83313 19.5386 0.337984 0.122049 6.08149 0.640265 0.989744 2.9321 0.232527 6.81616 0.298332 0.73049 0.488199 0.545625 2.91454 13.5824 0.0408694 -1 1.00969 1.04197 0.0326727 5.16179 1.06746 0.5701 1.39714 4.02402 0.0508415 0.0340311 1.71066 0.094317 1.06541
9 5 1.14293 0.692435 0.210272 5.40696 17.2703 0.0912257 0.0821436 5.76184 0.516034 0.41246 0.754574 3.31593 7.66003 0.249057 1.33913 0.00398203 0.0165537 0.841834 10.5114 0.10933 -1 0.758607 10.352 0.120106 1.49516 4.07357 -1 1.3982 1.48012 1.4479 1.35443 10.1496 0.0867809 2.02783
9 6 2.00269 0.231394 0.0842002 2.63522 16.3456 0.0306539 0.656075 4.17739 0.382031 0.774188 0.289276 0.485185 2.21227 0.0464445 1.53692 0.0549206 0.139741 0.16492 7.05299 0.157024 -1 0.0518846 7.42035 0.0572442 2.35758 4.069 0.387755 0.340314 1.92746 0.198476 0.114168 5.31861 0.0370638 1.73559
9 7 -1 -1 -1 -1 -1 -1 -1 -1 -1 -1 -1 -1 -1 -1 -1 -1 -1 -1 -1 -1 -1 -1 -1 -1 -1 -1 -1 -1 -1 -1 -1 -1 -1 -1
10 0 5.5382 0.0831029 0.191264 6.20871 6.36343 0.911826 0.629621 0.267041 1.04927 2.79497 4.15432 0.489728 0.209881 0.0683511 0.216341 5.5786 0.0810463 0.855329 18.0732 0.0266265 -1 0.093897 1.78278 8.56822 2.94241 11.0067 4.95108 12.5933 0.766354 0.0848749 0.157673 0.01896 4.12469 0.655177
10 1 1.98076 0.020053 0.254294 2.67709 12.8945 1.7296 0.109254 4.07663 1.08137 0.530158 0.700539 0.0463833 0.295865 0.116393 8.08526 1.10893 0.104693 3.10103 11.0691 0.00997638 -1 0.0336355 0.053545 0.838402 0.652655 13.1406 0.646756 3.11517 0.607329 0.361913 0.314353 0.410565 0.704101 0.245329
10 2 0.351278 0.159584 0.158847 1.3325 12.4624 0.179325 0.487499 7.97451 0.432576 0.0675493 0.173861 0.0929331 0.795161 0.0581424 1.66298 0.769387 0.0632501 2.49806 14.0501 0.0657344 -1 0.0708997 0.0882901 0.298725 4.74885 1.21569 0.456871 3.53345 0.376637 0.155523 0.0112205 0.422836 0.0440132 0.641094
10 3 1.67468 0.882338 0.0374781 4.56561 11.6964 2.11426 0.210381 9.47875 0.50758 0.468541 1.22232 0.103532 3.396 0.0309597 1.98922 0.108225 0.525532 2.79544 9.43976 0.10188 -1 0.416304 2.47128 1.01038 2.42498 4.75573 0.0421817 0.0136661 0.135868 0.545872 0.369271 1.35989 1.51466 0.272688
10 4 0.162438 0.165581 0.0859363 4.33313 21.5743 0.439105 0.479107 6.2455 2.33577 0.936275 3.28934 0.263998 5.55302 0.239657 1.22713 0.475247 0.573139 1.90722 15.1582 0.108821 -1 1.74416 0.704029 0.0551313 6.60734 0.9447 0.614055 1.94614 4.27274 0.103161 0.026679 1.3815 0.224336 0.965495
10 5 2.03875 1.05569 0.260202 4.95638 15.7199 0.145009 0.18193 7.36742 1.074 0.840327 1.18711 4.45018 6.82077 0.395088 0.73438 0.0214795 0.0287544 1.30418 11.9144 0.172247 -1 0.714957 8.60282 0.285173 1.22853 3.52958 -1 1.73977 1.83711 1.89376 1.48277 9.31289 0.0546065 1.72932
10 6 2.46502 0.599527 0.0919879 2.81305 16.828 0.0422796 0.810301 5.75574 0.567471 0.745453 0.34291 0.583573 2.70649 0.0704562 0.624169 0.0946528 0.12466 0.0988355 8.74432 0.146309 -1 0.0705591 7.59718 0.0957809 2.51528 4.2128 0.302316 0.325389 2.27628 0.193987 0.0655031 5.22376 0.0259224 1.38584
10 7 20.1309 2.16386 -1 5.89108 -1 4.46317 3.8293 -1 5.93942 -1 -1 0.454981 7.84831 -1 23.4919 0.414571 -1 0.103675 -1 -1 -1 0.381387 4.33472 0.179113 -1 3.85217 -1 -1 0.74266 -1 -1 5.72877 0.0217114 4.23694
11 0 -1 -1 -1 -1 -1 -1 -1 -1 -1 -1 -1 -1 -1 -1 -1 -1 -1 -1 -1 -1 -1 -1 -1 -1 -1 -1 -1 -1 -1 -1 -1 -1 -1 -1
11 1 8.53445 0.00798916 0.188736 2.4495 9.36795 1.07673 0.564054 3.92676 0.303912 0.493605 5.0708 0.019718 0.339981 0.049482 0.834457 0.0264214 0.0680932 6.03217 7.68612 0.00733735 -1 3.04853 0.0161258 3.59406 0.628071 9.49151 0.629881 6.03308 1.14249 0.282659 0.224489 0.959581 0.304917 0.0118549
11 2 1.76308 0.0252757 0.0507693 0.737794 5.54466 0.104866 0.420196 3.81586 0.191009 0.0243022 5.68737 0.00692663 0.309374 0.0328413 1.78436 0.0265543 0.0149622 2.92884 6.69199 0.0100089 -1 1.5418 0.0272343 1.36844 1.78953 1.98125 0.226888 4.49859 0.269267 0.33909 0.00693867 1.44517 0.0423448 0.0261148
11 3 0.453605 0.019547 0.0165999 2.313 5.51123 0.424397 1.11817 3.25909 0.221216 0.0575359 0.820793 0.0146533 1.4773 0.0272839 0.730116 0.0286732 0.0422283 1.13079 4.20107 0.0299787 -1 1.52735 0.322187 2.5603 0.859824 2.61886 0.0343121 0.414885 0.354286 0.0552359 0.0300284 2.10833 0.337898 0.0339541
11 4 0.153116 0.0198341 0.0290103 2.18982 13.462 0.109055 2.36062 6.35108 0.081601 0.276217 2.19149 0.0656628 3.38445 0.047489 0.358345 0.10578 0.0763029 1.5287 10.8133 0.0140069 -1 1.60222 0.276319 0.560156 4.52936 1.10363 0.37048 2.74737 3.55595 0.0212228 0.0123925 0.962069 0.0565217 0.199956
11 5 0.822382 0.696653 0.354443 2.93311 15.9452 0.226715 4.48438 12.3764 0.110725 0.107468 0.525173 4.6968 4.01969 0.506987 0.775295 0.00315373 0.00803677 0.895222 14.4792 0.103305 -1 1.92748 8.30343 0.922375 1.35383 4.07088 -1 2.60506 1.44846 1.99699 1.71703 8.46409 0.0108934 1.06447
11 6 0.921829 0.239102 0.0819802 2.24688 15.2496 0.0615898 7.00576 14.9017 0.0206223 0.0629617 0.323042 0.548616 1.53973 0.0752868 0.553658 0.0234573 0.0406129 0.388748 10.6684 0.0562937 -1 1.05073 7.50217 0.0548942 4.26651 4.33241 1.45514 0.513787 1.98591 0.558427 0.0425743 6.06792 0.0279644 1.12593
11 7 -1 -1 -1 -1 -1 -1 -1 -1 -1 -1 -1 -1 -1 -1 -1 -1 -1 -1 -1 -1 -1 -1 -1 -1 -1 -1 -1 -1 -1 -1 -1 -1 -1 -1
12 0 -1 -1 -1 -1 -1 -1 -1 -1 -1 -1 -1 -1 -1 -1 -1 -1 -1 -1 -1 -1 -1 -1 -1 -1 -1 -1 -1 -1 -1 -1 -1 -1 -1 -1
12 1 1.20889 0.0761579 0.739582 0.817557 29.2011 5.70001 1.17824 1.38981 2.40948 2.13842 7.18553 0.106213 0.047835 0.357321 0.690142 0.0653892 0.552055 7.2078 10.6615 0.0948822 -1 1.17457 0.0365625 4.68342 0.498646 14.5049 5.49231 4.71632 10.6602 0.940357 0.233379 0.284128 0.396431 0.116171
12 2 0.15951 0.0197214 0.129004 1.36223 12.1994 0.153363 2.72704 10.0393 1.49083 0.0159376 9.06027 0.00736521 0.145935 0.0507431 0.750947 0.0270237 0.0482153 4.51105 12.8258 0.00809048 -1 12.5452 0.0268513 3.65088 3.78618 1.34267 0.876988 9.23786 17.8554 0.191802 0.00907007 0.182095 0.0290469 0.0752952
12 3 0.890828 0.203929 0.023144 12.039 21.1256 1.04464 22.5912 13.3438 0.443921 0.231696 1.98293 0.0413649 2.52708 0.0843482 0.344101 0.0631482 0.375364 1.90435 18.6713 0.318152 -1 29.3129 0.650086 13.2663 4.75382 2.82407 0.0382839 0.823245 3.47395 0.285063 0.138865 0.638754 1.03777 0.0642735
12 4 0.221858 0.0305644 0.150346 14.8287 22.7967 0.309331 29.2208 10.2124 0.918374 0.862166 3.22293 0.138243 3.62244 0.351869 0.169851 0.177757 0.326352 0.988317 24.66 0.0469697 -1 24.4686 0.123027 1.72862 11.6925 0.857667 0.761888 8.57547 14.2161 0.0376172 0.0493935 0.775083 0.214688 0.570515
12 5 1.81303 3.80234 1.03849 9.34497 18.1837 0.422984 20.7192 14.3105 0.351661 0.73496 1.42083 7.83481 2.96282 1.65784 0.79683 0.0124799 0.0346037 0.878283 17.5247 0.295552 -1 14.6135 8.26053 0.337372 3.34675 2.69864 -1 3.05597 4.94397 3.94981 2.81258 6.78406 0.116282 1.50967
12 6 1.549 2.06514 0.334131 8.19749 16.7555 0.319913 17.631 13.4299 0.296193 0.300471 0.481703 1.31984 1.09367 0.234621 0.430452 0.100443 0.145202 0.14428 14.8543 0.170999 -1 8.0313 6.57696 0.138885 5.60806 4.12455 1.79135 0.801124 5.05068 0.658734 0.215053 4.73755 0.0635123 1.25957
12 7 -1 -1 -1 -1 -1 -1 -1 -1 -1 -1 -1 -1 -1 -1 -1 -1 -1 -1 -1 -1 -1 -1 -1 -1 -1 -1 -1 -1 -1 -1 -1 -1 -1 -1
13 0 -1 -1 -1 -1 -1 -1 -1 -1 -1 -1 -1 -1 -1 -1 -1 -1 -1 -1 -1 -1 -1 -1 -1 -1 -1 -1 -1 -1 -1 -1 -1 -1 -1 -1
13 1 1.2013 0.0100023 0.353717 0.358401 17.2519 9.65679 0.425187 0.986758 4.21716 0.844192 10.1099 0.0294145 0.0298919 0.193278 4.17824 0.0106408 0.0426888 8.33893 7.95105 0.0348773 -1 0.0735626 0.0344095 1.83 0.382488 19.6551 4.71083 4.64379 0.714611 0.231103 0.154875 0.0723373 0.528154 0.0893856
13 2 1.22099 0.0482499 0.0795832 0.353892 11.7694 0.248251 0.899625 3.78957 10.444 0.0104024 10.9587 0.0108183 0.144946 0.077266 2.13239 0.0297505 0.0105698 3.98363 6.25874 0.0229933 -1 0.232188 0.0204964 3.73777 3.10417 3.75421 1.38411 5.18833 3.76944 0.144624 0.0103596 0.0889423 0.110543 0.565967
13 3 1.45264 0.102698 0.0563325 4.53189 10.1482 1.08019 1.82522 3.56734 4.35133 0.1491 4.21601 0.0498743 2.45872 0.0504629 0.929114 0.0476274 0.122253 1.58423 5.29428 0.0495397 -1 3.71928 0.470843 7.69825 2.72514 4.48674 0.0516265 0.391935 1.40846 0.136517 0.172971 0.994779 0.878315 0.305469
13 4 0.502936 0.0482052 0.0614262 4.18432 15.6982 0.144794 4.19123 4.35983 1.79927 0.46505 2.13974 0.0844826 4.96187 0.0521486 0.389483 0.119052 0.0632703 1.58398 10.3963 0.0583955 -1 5.24737 0.200646 2.45999 6.00623 1.57339 0.463084 4.21857 7.15586 0.0238142 0.0369711 0.972267 0.0811257 0.416104
13 5 1.31195 5.49027 0.338252 3.84469 17.4812 0.215263 6.19335 10.2734 3.40319 0.220506 1.16562 6.62389 3.93502 0.855858 0.817663 0.00511982 0.00634303 0.546751 13.7543 0.121871 -1 5.06501 7.25625 3.11235 2.60354 3.38618 -1 3.00976 2.4103 2.12537 2.50552 6.53142 0.0503049 1.5887
13 6 0.979646 1.98896 0.136532 3.12741 16.4183 0.223042 7.49304 13.8907 1.78319 0.143104 0.444798 0.423091 1.33524 0.0639695 0.753646 0.0638032 0.0313506 0.121534 12.2294 0.0564832 -1 1.512 7.02834 0.131966 3.92012 3.75332 1.45791 0.915427 3.11187 0.339548 0.154359 4.83219 0.013262 1.36084
13 7 -1 -1 -1 -1 -1 -1 -1 -1 -1 -1 -1 -1 -1 -1 -1 -1 -1 -1 -1 -1 -1 -1 -1 -1 -1 -1 -1 -1 -1 -1 -1 -1 -1 -1

