Structure Depth Age Ascl1 Bdnf Creb1 Cux2 Fez1 Hes1 Mef2c Myt1l Neurod1 Neurog1 Neurog2 Nog Olig2 Otx1 Otx2 Pax3 Pax5 Pax6 Pou3f2 Pou4f2 Prox13 Satb2 Sox10 Sox11 Sox12 Sox2 Sox3 Sox4 Sox5 Sox6 Sox7 Sox8 Sox9 Stat3
0 4 0 5.55895 0.0113216 0.224517 0.856729 3.68449 1.69683 0.316953 0.0175213 0.352269 0.429001 2.44939 0.053855 0.444139 0.0336372 2.68661 0.125528 0.0237784 4.65841 6.73525 0.0764644 -1 1.17037 0.656181 6.69815 2.79904 8.60595 7.84341 4.93811 1.03775 0.051157 0.0952716 0.0130393 0.505097 0.318129
0 4 1 4.04562 0.0141381 0.193721 0.37413 6.45682 1.76622 0.154954 1.93432 0.490456 0.220225 3.51952 0.0165351 0.338459 0.0778154 0.929781 0.0699076 0.0265462 1.87559 5.57609 0.00273646 -1 0.314682 0.0514955 0.794008 0.532533 10.0671 1.42507 3.14375 0.963344 0.262098 0.40756 0.0579375 0.432285 0.0512863
0 4 2 1.12855 0.0344268 0.098197 0.307409 6.97118 0.262341 0.094871 4.28597 0.0686388 0.0121863 0.336316 0.024251 0.273194 0.0522904 0.218988 0.0113581 0.0285035 0.594718 7.74257 0.00671019 -1 0.293651 0.0466425 0.293208 2.23916 4.33746 0.455683 3.39864 0.497456 0.133377 0.00664552 0.0763365 0.150881 0.100641
0 4 3 0.431499 0.349358 0.0458935 1.26586 5.73296 1.20172 0.24035 3.97508 0.0825652 0.189015 0.38454 0.0635178 2.39523 0.0295745 0.741474 0.0297189 0.383831 0.798121 7.02461 0.172685 -1 0.843726 0.617335 0.98056 1.20453 4.19508 0.0108821 0.0534611 0.0637447 0.287918 0.162332 0.467206 0.671089 0.138082
0 4 4 0.0777631 0.150218 0.0711214 2.97738 17.3962 0.209543 0.256283 4.39412 0.151802 0.479393 2.92416 0.208734 3.17381 0.0877545 0.38701 0.375525 0.369402 1.54699 13.5923 0.0425392 -1 2.08117 0.150403 0.0698952 4.36079 1.50083 0.236702 2.84811 4.90107 0.0875282 0.0407455 0.395921 0.232486 0.832414
0 4 5 1.30237 2.90487 0.309031 2.16633 11.7332 0.108574 0.310082 7.40015 0.0140256 0.451891 1.21204 3.22938 3.06589 0.689533 0.683082 0.00397013 0.00568767 0.965768 11.5765 0.344289 -1 1.01648 4.24196 0.04237 1.44285 3.36825 -1 1.25725 1.44049 2.16465 2.26586 7.15847 0.136924 1.49504
0 4 6 1.19592 0.892541 0.0845078 1.35606 11.394 0.0365831 2.08127 6.08698 0.0614455 0.285799 0.102582 0.257813 1.10795 0.0971109 0.517261 0.0248592 0.184601 0.135489 7.56548 0.17735 -1 0.114477 5.37676 0.117173 3.05676 5.81416 0.498323 0.483934 1.37672 0.144887 0.153625 3.67843 0.0488103 1.79275
0 4 7 7.38249 2.06002 -1 8.82542 -1 5.34713 23.8748 -1 1.0242 -1 -1 1.46858 10.972 -1 0.678783 0.37335 -1 0.0885091 -1 -1 -1 7.49983 2.9094 0.119386 -1 1.96668 -1 -1 1.08175 -1 -1 6.57251 0.0959634 2.46964
1 4 0 10.506 0.0259809 0.282278 1.75456 4.97861 1.26844 0.196404 0.0801871 0.697317 0.925568 10.2783 0.372541 2.20526 0.123027 4.37709 0.0815234 0.0432185 8.10627 20.0378 0.0224575 -1 0.123265 0.372437 8.02898 4.90764 13.8734 9.84549 8.51134 1.90435 0.382134 0.139914 0.0366529 0.68834 0.310478
1 4 1 4.28936 0.0267892 0.383853 1.41268 16.0932 3.09794 0.784268 2.98344 1.39396 1.00478 5.17915 0.0516804 0.206215 0.156726 1.46048 0.0398904 0.230216 6.34915 8.38928 0.0346942 -1 1.85702 0.0434959 3.39062 0.540496 10.9061 2.39132 4.95713 4.15553 0.480194 0.21696 0.454878 0.339427 0.0517718
1 4 2 0.640957 0.0379873 0.107927 0.990263 9.40598 0.159267 1.63345 7.37139 1.98039 0.0432448 6.09701 0.0114168 0.304421 0.0465963 0.927774 0.0414543 0.0302005 3.98484 10.0165 0.016888 -1 5.91013 0.0417371 2.35399 2.82073 2.03248 0.633653 5.97575 7.37122 0.317798 0.0145045 0.409193 0.0775623 0.12346
1 4 3 0.750992 0.121269 0.0261935 5.04419 10.6164 0.816822 6.65622 6.13839 1.01779 0.132681 1.68622 0.0370099 2.04831 0.0492033 0.807003 0.0427726 0.165595 2.05059 8.49789 0.127535 -1 8.28988 0.566223 5.95404 2.32998 3.14565 0.0400995 0.447282 1.24929 0.166278 0.0977557 1.11601 0.652419 0.114439
1 4 4 0.249915 0.0532892 0.0791997 6.8271 16.9797 0.187271 11.0981 6.70211 0.737822 0.513528 2.65798 0.104399 3.73269 0.148716 0.290904 0.150711 0.170963 1.70072 15.168 0.0363308 -1 10.1208 0.184796 1.25372 7.03783 1.17295 0.527786 4.98179 8.00859 0.030818 0.0333876 0.813456 0.116377 0.390986
1 4 5 1.38306 2.77892 0.61759 5.20544 15.8701 0.254742 10.476 11.698 0.844295 0.434006 1.07895 5.86705 3.38128 1.00492 0.768703 0.00861377 0.0205656 1.0698 14.6262 0.19077 -1 6.53851 7.51202 1.13314 2.29933 3.13767 -1 2.90224 2.98731 2.66478 2.34705 7.04183 0.0695144 1.27574
1 4 6 1.24383 1.26468 0.243476 4.63316 15.4818 0.233029 11.0785 12.9146 0.542365 0.260534 0.466216 0.797512 1.25093 0.128718 0.58394 0.0812107 0.0874439 0.52021 12.1325 0.0923038 -1 3.43826 6.78448 0.110084 4.7367 4.03517 1.72184 0.84754 3.47226 0.579932 0.140121 4.88876 0.0383252 1.18581
1 4 7 -1 -1 -1 -1 -1 -1 -1 -1 -1 -1 -1 -1 -1 -1 -1 -1 -1 -1 -1 -1 -1 -1 -1 -1 -1 -1 -1 -1 -1 -1 -1 -1 -1 -1
2 3 0 12.2238 0.022794 0.2342 3.39966 6.02804 0.722135 0.113998 0.0393832 1.49434 1.19124 18.6173 0.314152 1.19138 0.276508 19.5268 1.90648 0.0161198 9.88608 27.0284 0.0193179 -1 0.104892 0.0164971 7.81483 3.13263 12.1272 4.27286 11.5535 0.637726 0.102512 0.227588 0.024281 0.560422 0.145288
2 3 1 4.13732 0.0109313 0.169214 0.913891 6.57401 1.89448 0.105603 1.68868 1.1989 0.769697 6.12366 0.0153712 0.206721 0.559618 16.3085 0.627232 0.0286769 7.80631 6.70563 0.0032664 -1 0.0195957 0.00892371 1.10339 0.61519 9.09522 1.67104 5.37035 0.586081 0.400723 0.316092 0.118072 0.2349 0.0247714
2 3 2 0.434047 0.0636232 0.0977264 0.573837 7.6102 0.108747 0.0704924 5.68059 0.728591 0.00901363 4.00641 0.0106755 0.814286 0.346866 3.5195 0.433176 0.807437 7.56913 12.5435 0.0106992 -1 0.152197 0.018061 0.343487 3.55989 6.69889 0.22102 4.95628 0.903848 0.171647 0.0058522 0.0684247 0.0563973 0.0791338
2 3 3 0.461506 0.458699 0.0189728 2.95144 6.55477 0.832591 0.585176 7.30835 1.37759 0.170883 1.13619 0.0375517 2.83367 0.0860796 5.29282 0.113828 0.383242 4.9872 9.31237 0.0492906 -1 2.85114 0.656182 1.14954 2.5789 4.43674 0.0140828 0.0727007 0.33905 0.153587 0.128732 0.409077 0.424897 0.123774
2 3 4 0.0776002 0.122533 0.0404764 4.92074 14.8055 0.183737 0.571957 5.90899 0.897176 0.293938 2.91379 0.200576 4.25261 0.0416479 1.15769 0.384842 0.313119 2.6643 15.5319 0.0334442 -1 1.26645 0.200992 0.331325 7.07638 1.90967 0.172718 2.90562 5.48984 0.0186607 0.0139518 0.523925 0.0544508 0.443791
2 3 5 0.850805 2.121 0.230688 4.9581 12.3281 0.0926274 1.51102 8.92804 0.652917 0.191659 0.776713 4.89317 4.77121 0.547114 1.5218 0.0567119 0.0226348 1.22983 12.5269 0.0695457 -1 1.74463 6.94024 0.462702 1.82597 3.73386 -1 1.60859 1.451 1.74931 1.1395 7.45145 0.0187684 1.41042
2 3 6 0.800037 0.811004 0.0401015 4.20851 14.3227 0.0252888 2.6818 7.93883 0.187616 0.0731425 0.106234 0.312161 1.56729 0.0555649 0.608541 0.0589769 0.0693905 0.546462 9.11575 0.0360182 -1 0.0409002 7.76019 0.0344023 3.10759 4.95798 0.49963 0.412371 2.02293 0.125887 0.102254 5.43276 0.0124778 1.1834
2 3 7 -1 -1 -1 -1 -1 -1 -1 -1 -1 -1 -1 -1 -1 -1 -1 -1 -1 -1 -1 -1 -1 -1 -1 -1 -1 -1 -1 -1 -1 -1 -1 -1 -1 -1
3 2 0 10.4682 0.0228174 0.256651 2.30673 5.23174 1.12558 0.179115 0.0578435 0.854557 0.950394 12.6568 0.301458 1.57807 0.159932 8.63047 0.789792 0.0297852 8.08204 21.32 0.0284873 -1 0.202719 0.267682 7.75169 3.92889 12.5001 6.98978 9.14133 1.21621 0.224584 0.165818 0.0288834 0.613793 0.243833
3 2 1 4.21427 0.0200165 0.289864 1.14544 11.8079 2.5895 0.488306 2.42935 1.2442 0.858444 5.38206 0.0371008 0.217511 0.30092 6.88087 0.276202 0.138354 6.50836 7.62842 0.0218222 -1 1.08984 0.0325843 2.36182 0.567846 10.1953 2.00036 4.95891 2.69677 0.440885 0.269108 0.305486 0.30784 0.0419654
3 2 2 0.635112 0.0409596 0.106183 0.892001 9.07474 0.156416 1.37493 7.05388 1.698 0.0376826 5.54901 0.011838 0.365453 0.0810021 1.26028 0.0951438 0.129149 4.33914 10.2786 0.0158055 -1 4.93 0.0389776 2.019 2.89613 2.78977 0.574108 5.74492 6.26301 0.293828 0.0129136 0.360831 0.0778771 0.117395
3 2 3 0.680142 0.208568 0.0259385 4.44388 9.64527 0.840094 5.03628 6.24707 0.840369 0.14251 1.504 0.0389133 2.22348 0.0551504 1.63975 0.0584117 0.22752 2.4879 8.58284 0.114522 -1 6.82358 0.586111 4.74797 2.30949 3.47578 0.0325231 0.346677 0.980121 0.170431 0.109201 0.948192 0.610742 0.117708
3 2 4 0.22024 0.0665407 0.0735562 6.4241 16.6807 0.187649 9.18116 6.50846 0.738542 0.479595 2.69821 0.123412 3.79217 0.131626 0.406789 0.189691 0.199114 1.82329 15.1619 0.0361569 -1 8.71443 0.185785 1.08113 6.94387 1.28902 0.464414 4.60985 7.5301 0.0311534 0.0311246 0.759385 0.111871 0.415958
3 2 5 1.32603 2.6933 0.564822 5.12113 15.2998 0.229713 9.15433 11.3175 0.795229 0.408619 1.04988 5.66516 3.51492 0.930173 0.847289 0.0142875 0.0204382 1.08482 14.2803 0.180216 -1 5.75624 7.35006 1.04601 2.22009 3.22688 -1 2.73151 2.80864 2.5391 2.18908 7.09923 0.0644896 1.2977
3 2 6 1.15218 1.20836 0.225218 4.52163 15.2334 0.209443 10.225 12.4474 0.506365 0.241793 0.426127 0.726282 1.27936 0.122316 0.584739 0.0779191 0.0878595 0.511624 11.8225 0.0887164 -1 3.05678 6.85347 0.104446 4.56461 4.13846 1.57435 0.809899 3.30305 0.533262 0.136451 4.91099 0.0357869 1.1981
3 2 7 -1 -1 -1 -1 -1 -1 -1 -1 -1 -1 -1 -1 -1 -1 -1 -1 -1 -1 -1 -1 -1 -1 -1 -1 -1 -1 -1 -1 -1 -1 -1 -1 -1 -1
4 2 0 6.45176 0.0537956 0.222511 5.98957 8.02597 0.652468 0.379671 0.189231 0.67061 3.61957 4.39913 0.450126 0.22599 0.0547796 2.71727 5.5699 0.329178 2.66311 27.574 0.0391807 -1 0.116911 1.74868 9.82234 2.89444 11.7434 6.94722 14.0474 0.579135 0.0760847 0.141405 0.02465 2.23078 0.428788
4 2 1 1.41724 0.0177775 0.219012 2.38745 11.6092 1.56018 0.133371 3.54235 1.04763 0.440094 1.65601 0.0635814 0.266114 0.179926 6.1297 1.18257 2.39305 1.81954 11.8211 0.0238082 -1 0.0550972 0.175558 0.92967 0.627874 11.0775 0.643541 4.16547 0.56779 0.385664 0.46021 0.290797 0.509559 0.155911
4 2 2 0.496545 0.117555 0.141968 1.2956 10.9278 0.157883 0.251582 7.33555 0.565894 0.0731977 0.424589 0.061672 0.639336 0.0975215 2.19969 0.75217 1.55122 2.91441 13.5992 0.0417741 -1 0.0664389 0.0994027 0.349631 4.31291 1.71442 0.551212 4.18543 0.330927 0.148551 0.0266046 0.29003 0.0499569 0.331112
4 2 3 1.19815 0.501427 0.0234593 3.751 9.19605 1.57824 0.190839 8.42553 2.23485 0.552022 0.988876 0.125892 3.32911 0.0482333 2.50434 0.207834 0.795263 4.38923 8.84798 0.116173 -1 0.297916 1.81524 1.3969 2.46633 5.35457 0.0341775 0.0703747 0.116883 0.314175 0.238956 1.09605 1.07108 0.288117
4 2 4 0.435404 0.136721 0.0529713 4.04413 17.7861 0.342383 0.385886 5.48084 4.94324 0.831561 2.96492 0.193551 5.36265 0.220349 1.13819 1.35386 1.01217 4.13893 13.5951 0.0754085 -1 0.957901 0.653864 0.443938 6.05826 1.23203 0.45566 2.21607 3.59655 0.0803248 0.0324417 1.29436 0.200075 0.830724
4 2 5 1.45513 0.684853 0.377314 3.57575 11.7644 0.11266 0.304265 5.98283 4.48091 0.726593 1.01749 2.998 5.00911 0.662205 1.55009 0.0368123 0.0325691 3.02961 9.9195 0.222685 -1 1.07512 7.01842 3.09789 1.28038 3.1456 -1 2.21221 1.21242 1.78705 1.95179 7.1159 0.0736855 1.45128
4 2 6 1.29265 0.219639 0.0742235 1.89386 12.6341 0.0179282 1.13165 3.5936 9.82963 0.377654 0.228244 0.358194 1.24226 0.0501534 0.949376 0.0904419 0.0967332 0.274041 4.8425 0.12019 -1 0.148003 5.82201 0.0515432 1.96955 3.17694 0.324238 0.250738 1.32839 0.163975 0.0792284 3.49574 0.031359 0.736918
4 2 7 -1 -1 -1 -1 -1 -1 -1 -1 -1 -1 -1 -1 -1 -1 -1 -1 -1 -1 -1 -1 -1 -1 -1 -1 -1 -1 -1 -1 -1 -1 -1 -1 -1 -1
5 2 0 15.548 0.073237 0.199709 4.3231 5.56647 0.467296 0.141834 0.0549411 1.03879 1.21893 6.57771 0.605861 0.91422 0.225791 25.4997 6.89866 0.499607 2.19441 34.6239 0.0241639 -1 0.171576 0.0822231 9.99636 3.06921 11.1393 10.5308 14.6875 0.847096 0.0684342 0.122747 0.0161762 0.607005 0.394083
5 2 1 6.84355 0.0120304 0.591733 0.990026 21.9474 0.748493 0.402595 3.2546 0.342579 2.1762 1.00716 0.0507045 0.0726445 0.885822 17.1714 2.6093 0.842987 0.938523 16.258 0.0596879 -1 0.0892601 0.00838813 2.28066 0.82043 11.6344 1.23199 6.84192 0.385053 1.25666 0.403718 0.356965 0.438414 0.0180164
5 2 2 1.33985 0.0437133 0.439151 0.551183 13.4283 0.255033 0.470513 8.4901 0.142934 0.185626 0.556279 0.0239738 0.621154 0.283512 10.9075 1.80529 2.41078 0.890744 23.8636 0.280027 -1 0.0892179 0.0210651 0.879069 3.74744 1.43623 0.503283 5.01403 0.24809 0.394189 0.00881055 0.143614 0.143621 0.075593
5 2 3 0.6034 0.392707 0.027767 2.74756 10.9241 1.26571 0.437672 10.9301 1.12811 0.37078 0.792906 0.0657007 2.29586 0.0880515 14.6169 0.114136 1.25899 1.64307 13.7293 0.50542 -1 1.98064 0.788458 2.88944 2.42566 4.67304 0.0395625 0.144949 0.0647374 0.535354 0.167556 0.570864 0.861592 0.132889
5 2 4 0.135135 0.0849645 0.0601694 5.61087 20.4707 0.359936 1.32552 7.34555 1.46042 0.878687 2.30595 0.227871 3.74738 0.245835 4.95144 0.898968 0.94104 1.41446 21.8438 0.403175 -1 5.76468 0.149119 0.292555 7.21274 1.125 0.388221 5.71528 3.5349 0.0598586 0.0327055 0.468938 0.216055 0.66895
5 2 5 1.74736 1.28159 0.259564 4.91723 13.4722 0.137865 0.944005 8.91955 1.67558 1.07788 1.09147 3.31338 5.60317 0.712185 4.31076 0.0332925 0.0377021 1.0714 16.3464 0.304219 -1 2.76277 6.82859 0.809247 1.92507 2.74217 -1 2.11813 0.826388 2.3518 1.07115 7.2556 0.0847419 1.51662
5 2 6 0.75683 0.422041 0.0749859 2.70095 16.2567 0.0141642 2.17363 7.35955 1.05823 0.277971 0.110405 0.180727 2.0851 0.0535487 2.06316 0.0433056 0.160702 0.086829 10.5291 0.155003 -1 0.155216 7.6582 0.0413457 3.15781 4.82135 0.407555 0.396427 1.38801 0.0617537 0.112795 5.08741 0.0225141 1.04478
5 2 7 -1 -1 -1 -1 -1 -1 -1 -1 -1 -1 -1 -1 -1 -1 -1 -1 -1 -1 -1 -1 -1 -1 -1 -1 -1 -1 -1 -1 -1 -1 -1 -1 -1 -1
6 3 0 5.5382 0.0831029 0.191264 6.20871 6.36343 0.911826 0.629621 0.267041 1.04927 2.79497 4.15432 0.489728 0.209881 0.0683511 0.216341 5.5786 0.0810463 0.855329 18.0732 0.0266265 -1 0.093897 1.78278 8.56822 2.94241 11.0067 4.95108 12.5933 0.766354 0.0848749 0.157673 0.01896 4.12469 0.655177
6 3 1 1.98076 0.020053 0.254294 2.67709 12.8945 1.7296 0.109254 4.07663 1.08137 0.530158 0.700539 0.0463833 0.295865 0.116393 8.08526 1.10893 0.104693 3.10103 11.0691 0.00997638 -1 0.0336355 0.053545 0.838402 0.652655 13.1406 0.646756 3.11517 0.607329 0.361913 0.314353 0.410565 0.704101 0.245329
6 3 2 0.351278 0.159584 0.158847 1.3325 12.4624 0.179325 0.487499 7.97451 0.432576 0.0675493 0.173861 0.0929331 0.795161 0.0581424 1.66298 0.769387 0.0632501 2.49806 14.0501 0.0657344 -1 0.0708997 0.0882901 0.298725 4.74885 1.21569 0.456871 3.53345 0.376637 0.155523 0.0112205 0.422836 0.0440132 0.641094
6 3 3 1.67468 0.882338 0.0374781 4.56561 11.6964 2.11426 0.210381 9.47875 0.50758 0.468541 1.22232 0.103532 3.396 0.0309597 1.98922 0.108225 0.525532 2.79544 9.43976 0.10188 -1 0.416304 2.47128 1.01038 2.42498 4.75573 0.0421817 0.0136661 0.135868 0.545872 0.369271 1.35989 1.51466 0.272688
6 3 4 0.162438 0.165581 0.0859363 4.33313 21.5743 0.439105 0.479107 6.2455 2.33577 0.936275 3.28934 0.263998 5.55302 0.239657 1.22713 0.475247 0.573139 1.90722 15.1582 0.108821 -1 1.74416 0.704029 0.0551313 6.60734 0.9447 0.614055 1.94614 4.27274 0.103161 0.026679 1.3815 0.224336 0.965495
6 3 5 2.03875 1.05569 0.260202 4.95638 15.7199 0.145009 0.18193 7.36742 1.074 0.840327 1.18711 4.45018 6.82077 0.395088 0.73438 0.0214795 0.0287544 1.30418 11.9144 0.172247 -1 0.714957 8.60282 0.285173 1.22853 3.52958 -1 1.73977 1.83711 1.89376 1.48277 9.31289 0.0546065 1.72932
6 3 6 2.46502 0.599527 0.0919879 2.81305 16.828 0.0422796 0.810301 5.75574 0.567471 0.745453 0.34291 0.583573 2.70649 0.0704562 0.624169 0.0946528 0.12466 0.0988355 8.74432 0.146309 -1 0.0705591 7.59718 0.0957809 2.51528 4.2128 0.302316 0.325389 2.27628 0.193987 0.0655031 5.22376 0.0259224 1.38584
6 3 7 20.1309 2.16386 -1 5.89108 -1 4.46317 3.8293 -1 5.93942 -1 -1 0.454981 7.84831 -1 23.4919 0.414571 -1 0.103675 -1 -1 -1 0.381387 4.33472 0.179113 -1 3.85217 -1 -1 0.74266 -1 -1 5.72877 0.0217114 4.23694
7 4 0 11.3939 0.00505526 0.273889 4.9655 10.2958 0.296308 0.116676 0.0850091 0.802816 0.369389 26.2935 0.13497 0.0616437 0.0753887 23.8847 0.0145363 0.521977 2.64152 26.0529 0.0927987 -1 0.0859765 0.0602738 8.78473 3.47104 10.1003 2.3998 13.8593 0.148235 0.0951813 0.0967846 0.0110806 0.878758 0.140245
7 4 1 2.03775 0.00709954 0.155075 1.39111 10.8427 0.60664 0.0645559 4.15119 0.369646 0.0781056 2.31261 0.0517354 0.617251 0.762992 12.9182 0.0389037 0.0986241 2.41676 13.8326 0.0236327 -1 0.0185195 0.0159212 0.396724 1.96664 9.53093 0.437177 6.1823 0.767333 0.279272 0.469361 0.171341 0.22276 0.0317329
7 4 2 0.206177 0.116829 0.0817939 1.32355 8.92204 0.0921419 0.0516868 8.64926 0.0916921 0.0197497 0.339206 0.0431753 0.912255 0.566183 2.78883 0.0749002 8.36517 1.79253 11.051 0.0352477 -1 0.00918926 0.0566935 0.142053 4.97907 1.89602 0.182726 4.12102 0.156802 0.276934 0.00649498 0.225823 0.0100392 0.0947003
7 4 3 0.394706 0.532214 0.00584431 3.20645 6.14707 0.714965 0.0377936 8.97785 0.0728321 0.109954 0.229649 0.0310563 3.06869 0.0761559 4.14689 0.0445455 1.76337 3.09438 10.104 0.0615404 -1 0.0988994 0.899531 0.425263 2.04055 5.75811 0.0033446 0.0385278 0.0384989 0.0939159 0.0585283 0.540668 0.39784 0.1153
7 4 4 0.0605136 0.199849 0.0257014 5.16491 15.0908 0.163426 0.096322 5.43288 0.0727891 0.511784 2.59974 0.167373 4.27121 0.0750046 1.42422 0.328002 1.61934 2.36511 15.5966 0.0394089 -1 0.48096 0.281605 0.03836 5.29356 0.9688 0.187323 2.23896 3.60634 0.0188989 0.0167347 0.653478 0.0435965 0.526566
7 4 5 0.933861 1.41292 0.1927 4.2475 13.2826 0.0782159 0.0529125 7.27173 0.0417172 0.400426 0.642456 2.18222 5.46994 0.489721 1.51877 0.0133976 0.217591 0.603104 11.8662 0.0729839 -1 0.905036 7.82517 0.042466 1.68378 3.57685 -1 1.09137 0.769694 1.28161 1.08852 8.31144 0.00590672 1.19456
7 4 6 0.428462 0.479829 0.0328609 2.5944 15.8684 0.0248775 0.508959 4.43515 0.0379216 0.0784899 0.0803369 0.203707 2.59874 0.0813272 0.59956 0.0301289 0.252722 0.169238 9.09269 0.0395061 -1 0.0163708 8.39659 0.0346773 2.70879 4.52026 0.285649 0.320753 1.46568 0.0665445 0.0447803 6.12357 0.0198694 1.42605
7 4 7 -1 -1 -1 -1 -1 -1 -1 -1 -1 -1 -1 -1 -1 -1 -1 -1 -1 -1 -1 -1 -1 -1 -1 -1 -1 -1 -1 -1 -1 -1 -1 -1 -1 -1
8 4 0 16.7675 0.082719 0.190414 4.40136 5.12503 0.454954 0.146902 0.0539807 1.11619 1.31332 4.50385 0.68062 1.04798 0.245389 26.0657 7.84696 0.376081 1.97554 35.7075 0.0177026 -1 0.186711 0.0729161 10.0751 3.09699 11.4063 11.4367 15.1183 0.959835 0.0674556 0.126574 0.0172073 0.601783 0.432614
8 4 1 7.42391 0.0124218 0.63688 0.970995 23.4576 0.771526 0.446593 3.2662 0.349871 2.41091 0.897916 0.0515679 0.028492 0.836827 17.7975 2.92682 0.546704 0.81886 16.7291 0.0632233 -1 0.0984795 0.00777751 2.48397 0.768078 11.888 1.30706 6.97049 0.352531 1.32636 0.405511 0.372889 0.454104 0.016673
8 4 2 1.4297 0.0325819 0.489355 0.477952 14.1916 0.278009 0.531298 8.57722 0.140145 0.197128 0.591487 0.0239416 0.543635 0.240916 11.8149 2.07882 1.17343 0.838407 25.3824 0.320977 -1 0.101665 0.0187643 0.970273 3.67021 1.39016 0.507879 5.0057 0.259723 0.421696 0.00936183 0.138096 0.16355 0.0741088
8 4 3 0.632163 0.390368 0.0310173 2.73462 11.7916 1.36648 0.465756 11.413 1.11142 0.402369 0.862204 0.0698915 2.1702 0.090808 16.6665 0.122497 1.03346 1.51419 14.5217 0.591733 -1 2.36345 0.787284 3.15912 2.51762 4.36803 0.0453982 0.157867 0.0712047 0.617996 0.185534 0.579899 0.951126 0.137604
8 4 4 0.155116 0.0659632 0.0676081 5.85866 21.8499 0.410414 1.50896 7.84313 1.20776 0.976949 2.24293 0.24132 3.62068 0.28848 5.75128 1.02812 0.601414 1.28934 23.5695 0.48392 -1 7.10445 0.119263 0.328803 7.67873 1.12853 0.416083 6.58514 3.54022 0.0691749 0.036109 0.42661 0.255239 0.708756
8 4 5 1.83975 1.26538 0.268063 4.98633 13.4921 0.146167 1.05166 9.08467 1.87748 1.12718 1.14145 3.45564 5.61785 0.739311 4.61987 0.0358217 0.0177321 1.12049 16.8636 0.329852 -1 2.98966 6.70253 0.883132 1.95619 2.63697 -1 2.23957 0.832103 2.46977 1.06895 7.12995 0.0943635 1.55108
8 4 6 0.820418 0.414228 0.0863277 2.74315 16.5549 0.0128397 2.51066 7.87382 1.10014 0.321523 0.117335 0.176295 2.00031 0.048323 2.44757 0.0472364 0.145332 0.0759921 10.873 0.180065 -1 0.19138 7.6101 0.0434647 3.28891 4.90614 0.44048 0.412369 1.38062 0.0592982 0.129841 4.96794 0.0239036 0.994142
8 4 7 -1 -1 -1 -1 -1 -1 -1 -1 -1 -1 -1 -1 -1 -1 -1 -1 -1 -1 -1 -1 -1 -1 -1 -1 -1 -1 -1 -1 -1 -1 -1 -1 -1 -1
9 3 0 8.99271 0.0141099 0.284586 7.70491 10.7039 0.373829 0.118515 0.263101 1.06423 6.4726 4.51471 0.158542 0.139175 0.0509128 0.354861 3.11665 0.0645094 4.50476 39.1284 0.0673928 -1 0.153307 2.3438 9.34699 3.00837 14.7345 7.94083 17.4148 0.325119 0.0384044 0.13499 0.0404731 0.386536 0.182426
9 3 1 1.04796 0.0160455 0.110718 2.69912 9.3156 1.4894 0.118919 3.18544 1.35987 0.225916 2.00517 0.082083 0.209134 0.0434368 3.94908 0.573165 0.0456971 0.301197 10.591 0.00512309 -1 0.130001 0.728027 0.438474 0.524171 10.3595 0.708745 4.02916 0.645742 0.204113 0.684552 0.160767 0.17909 0.169826
9 3 2 0.405904 0.126105 0.117234 1.45305 8.54348 0.161024 0.0891418 8.00627 0.311482 0.0371285 0.490667 0.0575008 0.203168 0.0446525 1.79362 0.356592 0.258816 4.76427 12.4052 0.0188338 -1 0.0354095 0.220085 0.599348 4.11185 1.418 0.650148 2.7078 0.515762 0.184595 0.00629152 0.26569 0.0520406 0.280316
9 3 3 0.784266 0.395006 0.016413 3.64277 9.36214 1.28653 0.117223 12.2203 0.836537 0.614237 0.824424 0.128816 3.10861 0.0483503 1.73983 0.121527 0.503945 3.16713 8.48221 0.103089 -1 0.154183 1.92483 2.21526 2.91352 4.07133 0.0281338 0.0614219 0.300744 0.245522 0.196124 1.31204 0.818737 0.321945
9 3 4 0.106092 0.215216 0.050365 4.09643 16.8849 0.320501 0.200824 8.27912 1.82664 1.0161 3.32349 0.175159 5.81496 0.270061 1.22151 0.692195 0.724404 3.55537 11.4713 0.0528723 -1 0.748405 0.814445 0.0886323 6.8352 1.39682 0.433661 2.31165 5.43355 0.0580387 0.026389 1.43189 0.166208 0.948065
9 3 5 1.06296 1.43048 0.269269 4.48251 15.9855 0.123109 0.102367 7.47968 0.527869 0.631722 0.856655 3.42278 7.80353 0.484174 1.24265 0.00463679 0.0373416 1.41861 10.8534 0.176617 -1 0.949379 9.73812 0.179418 1.60402 3.9244 -1 1.57974 1.44352 1.5528 1.74462 10.2543 0.102752 2.0616
9 3 6 1.51067 0.557064 0.088289 2.48834 15.9666 0.0362203 0.847571 4.78425 0.671019 0.613876 0.340268 0.444246 2.40519 0.0876432 1.73552 0.0548481 0.146732 0.361303 7.33321 0.185803 -1 0.0534907 7.94836 0.0692571 2.3545 4.07908 0.726705 0.382047 2.16193 0.239905 0.124644 5.6301 0.0285851 1.43288
9 3 7 17.1519 3.71158 -1 6.7084 -1 3.6153 0.272938 -1 0.125989 -1 -1 1.12035 6.26595 -1 0.586709 0.170832 -1 0.232796 -1 -1 -1 0.00268894 3.55888 0.0723839 -1 2.54265 -1 -1 0.53387 -1 -1 2.42876 0.140234 2.0229
10 4 0 7.45699 0.00958191 0.344236 1.31795 6.40854 0.712023 0.0988318 0.0171028 0.400131 0.37874 13.4118 0.166006 0.0522087 0.0715024 31.5316 0.00657829 2.08257 5.65816 20.5335 0.0895351 -1 0.0996147 0.13678 7.63823 2.87636 11.7785 2.67252 9.0171 0.109308 0.0831344 0.0563918 0.0050655 0.402114 0.192915
10 4 1 1.11427 0.00600429 0.124327 1.14002 10.1655 0.876296 0.0998549 2.84674 0.361346 0.077024 4.79429 0.0239325 0.433414 0.877621 9.9859 0.0255274 0.665999 2.71379 13.4216 0.0720229 -1 0.0182393 0.0135307 0.456112 1.70626 7.14463 0.353421 5.7311 1.06107 0.320776 0.593496 0.257215 0.095285 0.0248008
10 4 2 0.17797 0.165194 0.0923164 1.49483 8.76682 0.126239 0.064249 8.46397 0.0935144 0.0149518 0.525362 0.0128208 0.927927 0.704582 3.08841 0.0517284 11.8631 1.21032 11.9883 0.0445288 -1 0.0101782 0.0752396 0.134298 5.36229 1.68876 0.252089 4.13985 0.165003 0.132788 0.00812202 0.245208 0.00605299 0.091328
10 4 3 0.405608 0.491851 0.00595034 3.14328 5.97884 0.657493 0.0572296 6.74676 0.0919152 0.0776548 0.285637 0.0509626 3.12677 0.0799744 4.19536 0.0330485 3.36584 1.90593 9.68525 0.0217745 -1 0.149963 1.15352 0.457906 1.80604 5.30551 0.00264873 0.0176418 0.0356648 0.135191 0.0689879 0.768318 0.447738 0.0964644
10 4 4 0.0681802 0.211337 0.0293366 4.93922 14.812 0.172449 0.110157 5.01791 0.182528 0.485853 2.72621 0.165708 4.19327 0.0906869 1.62718 0.490041 4.12956 1.81657 14.8241 0.0790897 -1 0.672181 0.322124 0.0358207 5.31999 1.14289 0.229238 1.73216 3.49642 0.0187776 0.0146301 0.654891 0.0469068 0.616717
10 4 5 -1 -1 -1 -1 -1 -1 -1 -1 -1 -1 -1 -1 -1 -1 -1 -1 -1 -1 -1 -1 -1 -1 -1 -1 -1 -1 -1 -1 -1 -1 -1 -1 -1 -1
10 4 6 0.428971 0.395936 0.0376058 2.68724 15.6584 0.0253353 0.65246 4.36602 0.0249071 0.144796 0.100256 0.237944 2.88749 0.0933831 0.839055 0.0442034 0.348757 0.144213 8.95174 0.0417168 -1 0.0227223 8.48862 0.0526043 2.77217 4.50401 0.280865 0.345948 1.5167 0.104966 0.0496585 6.24879 0.0223237 1.39649
10 4 7 -1 -1 -1 -1 -1 -1 -1 -1 -1 -1 -1 -1 -1 -1 -1 -1 -1 -1 -1 -1 -1 -1 -1 -1 -1 -1 -1 -1 -1 -1 -1 -1 -1 -1
11 4 0 6.68827 0.0344398 0.216626 2.53292 6.19054 0.95896 0.0857024 0.0353875 0.137792 1.10568 11.1761 0.0982185 0.130301 0.138799 15.9803 3.33551 2.42371 4.92737 31.4718 0.0228373 -1 0.0410029 0.326067 11.6574 1.67321 6.44412 9.34843 8.60401 0.136563 0.0306536 0.10991 0.00568557 0.295672 0.111441
11 4 1 2.60056 0.0118837 0.430011 0.829177 8.98807 0.417784 0.0958418 1.99079 0.141849 0.588626 0.566073 0.0389374 0.115736 2.19635 10.8233 0.513333 7.26905 1.0298 10.4649 0.0266915 -1 0.0214522 0.00792902 0.988824 0.498141 10.3026 0.751928 5.3477 0.381312 1.24932 0.20843 0.287904 0.413194 0.0263312
11 4 2 1.57103 0.0890506 0.210982 0.594726 8.7615 0.115666 0.160105 7.08032 0.266528 0.256586 0.278042 0.00809998 1.33732 0.474204 8.25769 0.246195 10.9976 0.584107 20.4454 0.0315113 -1 0.0211873 0.00975536 0.554572 3.13043 1.53728 0.884681 6.25088 0.190063 0.164355 0.00362557 0.114996 0.047154 0.0745585
11 4 3 0.568523 0.158554 0.0127853 2.11746 6.01003 0.736376 0.76855 8.1547 3.34507 0.415075 0.750404 0.0565269 2.76123 0.0648093 4.44882 0.116367 2.89805 2.39439 9.15276 0.0991017 -1 0.117268 0.471926 2.7399 1.79433 7.45086 0.0268328 0.15951 0.0199393 0.0617047 0.109431 0.386214 0.362163 0.104736
11 4 4 0.118029 0.0861294 0.0348363 3.6321 14.2804 0.124215 1.42245 5.30862 6.24578 0.427145 2.42588 0.180933 4.31684 0.0623228 2.05491 0.385664 2.35409 1.66466 13.4773 0.145286 -1 0.417558 0.235153 0.346937 5.24375 1.29689 0.422498 2.43006 3.39905 0.0256195 0.0239782 0.622912 0.0630283 0.411671
11 4 5 -1 -1 -1 -1 -1 -1 -1 -1 -1 -1 -1 -1 -1 -1 -1 -1 -1 -1 -1 -1 -1 -1 -1 -1 -1 -1 -1 -1 -1 -1 -1 -1 -1 -1
11 4 6 0.472241 0.44083 0.0148479 2.34419 13.5056 0.00689408 1.08189 6.02889 2.21822 0.0994383 0.0778031 0.171572 1.95249 0.0553166 0.780728 0.0250677 0.0955695 0.0647766 8.51649 0.0599213 -1 0.0239083 6.7006 0.020328 2.54915 4.30879 0.249768 0.331419 1.29452 0.0654248 0.0383808 4.38045 0.0094568 0.880708
11 4 7 -1 -1 -1 -1 -1 -1 -1 -1 -1 -1 -1 -1 -1 -1 -1 -1 -1 -1 -1 -1 -1 -1 -1 -1 -1 -1 -1 -1 -1 -1 -1 -1 -1 -1
12 3 0 3.79417 0.0192492 0.248266 8.86157 9.90685 0.503116 0.164636 0.182025 0.318397 3.74463 3.69346 0.424896 0.134776 0.0597688 0.356396 3.5097 0.0391416 1.48204 37.3373 0.0547977 -1 0.218828 1.27825 15.2536 3.82791 15.2434 8.46208 13.7629 0.453754 0.0732152 0.238747 0.0594065 0.819889 0.182127
12 3 1 0.67588 0.00581439 0.133963 2.48288 9.90562 1.84859 0.147914 3.33803 1.70795 0.667455 0.21212 0.0174798 0.246288 0.029959 0.619949 0.484158 0.0620903 1.18755 10.551 0.00790437 -1 0.0314424 0.261832 0.763476 0.940379 13.513 0.619139 4.5064 0.717292 0.274203 0.594145 0.352009 0.599371 0.0940425
12 3 2 0.351769 0.1085 0.136738 1.62498 11.2008 0.157526 0.139103 7.50658 0.0954351 0.0106864 0.194309 0.0223525 0.305464 0.0469494 0.363823 0.5377 0.067697 2.92419 14.525 0.032228 -1 0.0211002 0.252186 0.278984 4.9588 1.69842 0.541523 3.32279 0.388575 0.182953 0.00484823 0.403868 0.0819898 0.222623
12 3 3 0.940182 0.536465 0.0177161 4.20743 8.63867 1.50749 0.0627811 7.69689 0.204289 0.887116 0.975135 0.201337 3.8213 0.0349007 1.17805 0.0902757 0.577061 4.0142 9.36076 0.0486195 -1 0.258155 2.45006 0.878033 1.92068 4.72363 0.0533925 0.0314902 0.0853269 0.282505 0.285796 1.48655 0.944453 0.489266
12 3 4 0.125422 0.157635 0.0345922 4.83313 19.5386 0.337984 0.122049 6.08149 0.640265 0.989744 2.9321 0.232527 6.81616 0.298332 0.73049 0.488199 0.545625 2.91454 13.5824 0.0408694 -1 1.00969 1.04197 0.0326727 5.16179 1.06746 0.5701 1.39714 4.02402 0.0508415 0.0340311 1.71066 0.094317 1.06541
12 3 5 1.14293 0.692435 0.210272 5.40696 17.2703 0.0912257 0.0821436 5.76184 0.516034 0.41246 0.754574 3.31593 7.66003 0.249057 1.33913 0.00398203 0.0165537 0.841834 10.5114 0.10933 -1 0.758607 10.352 0.120106 1.49516 4.07357 -1 1.3982 1.48012 1.4479 1.35443 10.1496 0.0867809 2.02783
12 3 6 2.00269 0.231394 0.0842002 2.63522 16.3456 0.0306539 0.656075 4.17739 0.382031 0.774188 0.289276 0.485185 2.21227 0.0464445 1.53692 0.0549206 0.139741 0.16492 7.05299 0.157024 -1 0.0518846 7.42035 0.0572442 2.35758 4.069 0.387755 0.340314 1.92746 0.198476 0.114168 5.31861 0.0370638 1.73559
12 3 7 -1 -1 -1 -1 -1 -1 -1 -1 -1 -1 -1 -1 -1 -1 -1 -1 -1 -1 -1 -1 -1 -1 -1 -1 -1 -1 -1 -1 -1 -1 -1 -1 -1 -1
13 5 0 8.34666 0.0174618 0.228837 0.931828 4.49185 2.02225 0.365075 0.0353487 1.04219 0.32276 5.80434 0.105116 1.20527 0.00748616 2.38886 0.209911 0.0204864 1.27743 6.35499 0.0916748 -1 2.90408 0.937709 11.8538 2.95268 4.91789 10.7115 6.48091 1.54728 0.157759 0.123712 0.00863121 1.05681 0.396771
13 5 1 2.85545 0.0321779 0.225346 0.667718 7.52799 1.54318 0.149125 4.6505 1.41725 0.188071 0.0543886 0.0290855 0.571619 0.0208027 0.940715 0.14782 0.00869098 1.23799 4.40593 0.00139601 -1 0.172647 0.102089 0.993633 0.269532 7.81735 1.36462 2.87455 1.09611 0.34851 0.642703 0.0379971 0.822527 0.0560554
13 5 2 1.88002 0.0218927 0.121752 0.301082 5.15058 0.330492 0.0865138 5.3211 0.14382 0.0283564 0.352021 0.00765324 0.236545 0.032808 0.150585 0.0129571 0.0208182 0.548599 8.94064 0.00311775 -1 0.3315 0.0348423 0.362443 2.17426 3.12177 0.76289 3.10126 0.804708 0.138478 0.00284732 0.142494 0.234345 0.10629
13 5 3 0.453748 0.202483 0.1112 1.70855 6.14577 1.02444 0.439163 4.87627 0.0464552 0.205667 0.327217 0.0258758 1.6219 0.0140332 1.09298 0.0303273 0.300897 0.897246 8.62263 0.219704 -1 0.896782 0.569438 1.04462 1.62587 3.35933 0.0116411 0.0672127 0.069428 0.257577 0.183024 0.488592 0.543135 0.123298
13 5 4 0.0699365 0.0869795 0.059959 3.60475 17.1376 0.134889 0.417415 5.03958 0.103899 0.303773 2.9391 0.14128 3.11742 0.0681518 0.544605 0.356322 0.30393 1.63577 15.1045 0.0288923 -1 1.13774 0.139976 0.0425444 4.63175 1.60041 0.255536 2.5128 4.3813 0.0675519 0.036965 0.373101 0.135325 0.681565
13 5 5 0.662026 1.97156 0.178486 1.88382 11.6605 0.101265 0.613677 7.25231 0.0286844 0.296165 0.733326 2.7134 2.45665 0.537359 1.44629 0.00271083 0.00281518 0.972507 10.9693 0.227266 -1 1.07955 3.5771 0.093554 1.55164 2.87572 -1 1.08365 1.39461 2.13574 1.48043 6.02076 0.0252828 1.00999
13 5 6 1.68856 0.926092 0.07569 1.59283 12.9143 0.0188556 2.15814 7.96891 0.0662895 0.201929 0.0842596 0.207121 1.23614 0.0705376 0.70317 0.0170143 0.0328917 0.154346 9.08862 0.095877 -1 0.135708 5.50929 0.100833 3.74093 6.08349 0.480129 0.430694 1.61951 0.147277 0.0745988 3.71258 0.029912 1.2559
13 5 7 -1 -1 -1 -1 -1 -1 -1 -1 -1 -1 -1 -1 -1 -1 -1 -1 -1 -1 -1 -1 -1 -1 -1 -1 -1 -1 -1 -1 -1 -1 -1 -1 -1 -1
14 3 0 7.98996 0.0323449 0.240974 3.93635 8.74492 0.380086 0.18797 0.0419552 0.861089 3.81435 4.98588 0.504323 0.318842 0.0333841 8.20845 7.23892 0.935312 6.61392 35.3936 0.0382729 -1 0.103089 1.65026 9.88167 2.43893 10.4138 9.26652 15.3776 0.403766 0.075534 0.0792996 0.014743 0.470274 0.235894
14 3 1 1.18338 0.0203301 0.244028 1.94466 11.4489 1.29468 0.15995 3.16136 0.624067 0.321305 3.12506 0.0900154 0.251849 0.335595 6.69439 1.70561 6.38863 1.13731 13.3522 0.0480194 -1 0.101656 0.112191 1.23264 0.529693 8.14334 0.630233 5.23009 0.447632 0.497845 0.474162 0.19918 0.359355 0.0765597
14 3 2 0.689019 0.0831436 0.136464 1.12995 10.1183 0.140116 0.150951 6.60406 0.896122 0.110413 0.69466 0.0501092 0.757914 0.156866 3.66298 0.90733 3.5363 2.79857 13.1327 0.0331828 -1 0.0846486 0.0369089 0.353297 3.81088 2.21293 0.608503 5.30655 0.231155 0.126037 0.0510387 0.163788 0.0457308 0.135177
14 3 3 1.07037 0.265559 0.0193098 3.14808 7.93112 1.33722 0.237453 7.2088 4.30902 0.470202 0.875523 0.110466 3.16437 0.0618551 3.44373 0.339457 1.10382 5.80162 8.42172 0.14967 -1 0.267685 1.16984 1.59021 2.56688 6.23582 0.0235134 0.120362 0.0736003 0.199494 0.146888 0.786938 0.907267 0.222415
14 3 4 0.758796 0.0960965 0.0386181 3.62952 15.1549 0.289303 0.444338 4.25818 8.35369 0.680909 2.71237 0.141071 4.72932 0.175505 1.19 2.20046 1.48804 5.96697 13.1287 0.070214 -1 0.645825 0.476537 0.877381 5.80747 1.41937 0.325856 2.59447 2.65696 0.0795754 0.0366465 1.09607 0.222682 0.65465
14 3 5 1.3717 0.487613 0.444571 2.78432 8.93725 0.105639 0.395467 5.47126 6.52389 0.766818 1.02522 2.48098 3.80562 0.84582 1.83021 0.0500431 0.0392243 4.01941 9.09263 0.259132 -1 1.25792 5.65389 4.58708 1.22571 2.76781 -1 2.51458 0.963499 1.83883 2.22026 5.58118 0.0741818 1.19765
14 3 6 1.03492 0.124748 0.0693964 1.63243 11.2527 0.0108422 1.25467 3.11968 12.8319 0.27294 0.196821 0.297214 0.855231 0.0445217 0.881559 0.0960796 0.0847122 0.338737 3.91652 0.107336 -1 0.177814 5.20083 0.0433771 1.81645 2.84329 0.290668 0.222737 1.04149 0.150743 0.0746742 2.87722 0.0320164 0.505421
14 3 7 -1 -1 -1 -1 -1 -1 -1 -1 -1 -1 -1 -1 -1 -1 -1 -1 -1 -1 -1 -1 -1 -1 -1 -1 -1 -1 -1 -1 -1 -1 -1 -1 -1 -1
15 5 0 4.8315 0.00973599 0.223335 0.838622 3.48685 1.61389 0.304484 0.0128017 0.233889 0.503599 2.11434 0.0414535 0.493697 0.0400563 3.15955 0.105684 0.0244895 5.63084 6.82943 0.072399 -1 0.800509 0.591508 5.32398 2.75824 9.46605 7.13378 4.57687 0.926032 0.0265804 0.088499 0.014059 0.371836 0.301119
15 5 1 4.3151 0.0100536 0.187304 0.309407 6.21521 1.81579 0.156143 1.31934 0.322917 0.259386 4.31286 0.0133531 0.295298 0.0914241 0.927642 0.0529279 0.0309057 2.25584 5.83776 0.00305927 -1 0.391086 0.0412213 0.749541 0.597678 10.5765 1.44033 3.2047 0.934426 0.239927 0.354349 0.0626975 0.342621 0.0502065
15 5 2 0.802431 0.0391109 0.0899594 0.310155 7.63141 0.234337 0.0980912 3.90009 0.0385565 0.0125856 0.370329 0.0314493 0.288988 0.0599071 0.252676 0.0108038 0.0313202 0.611827 7.30762 0.00821366 -1 0.278821 0.0512061 0.26653 2.26417 4.80589 0.341594 3.51997 0.374863 0.131254 0.00810942 0.0516857 0.12115 0.0984235
15 5 3 0.419788 0.418358 0.0109806 1.04721 5.50485 1.29261 0.150495 3.47198 0.0976562 0.179595 0.410199 0.0789939 2.74508 0.0388767 0.599579 0.0294334 0.424222 0.753307 6.24742 0.149517 -1 0.818784 0.640662 0.945304 0.998442 4.60213 0.0105358 0.0467209 0.0610077 0.303625 0.152459 0.456243 0.734073 0.145321
15 5 4 0.0844158 0.1746 0.0753645 2.73492 17.4961 0.239027 0.215381 4.14134 0.173169 0.547428 2.91833 0.234512 3.1956 0.0953251 0.342171 0.383091 0.394704 1.5163 13.0087 0.0479636 -1 2.54122 0.154433 0.0804943 4.25607 1.46294 0.229438 2.97851 5.10194 0.0952483 0.0422109 0.404719 0.269707 0.891664
15 5 5 1.48402 3.14879 0.34337 2.23043 11.7489 0.110487 0.231571 7.43094 0.0102627 0.490903 1.30918 3.37091 3.23106 0.728958 0.4934 0.00429849 0.00648209 0.963947 11.743 0.369656 -1 1.00013 4.41612 0.031692 1.41404 3.49721 -1 1.30722 1.45052 2.17268 2.4717 7.4547 0.165971 1.61402
15 5 6 1.03615 0.878357 0.0874598 1.25262 10.7645 0.0445918 2.04957 5.23772 0.0595055 0.311246 0.11072 0.279223 1.05778 0.109245 0.436907 0.0287473 0.233864 0.127507 6.88857 0.214727 -1 0.103924 5.31755 0.123956 2.81467 5.6993 0.50546 0.507531 1.26805 0.143819 0.183748 3.66458 0.0569434 2.0229
15 5 7 -1 -1 -1 -1 -1 -1 -1 -1 -1 -1 -1 -1 -1 -1 -1 -1 -1 -1 -1 -1 -1 -1 -1 -1 -1 -1 -1 -1 -1 -1 -1 -1 -1 -1
16 5 0 16.4394 0.00145388 0.206479 1.07353 7.74267 0.809509 0.0327794 0.0123391 1.11768 1.0772 19.0345 0.0621056 3.84312 0.231646 12.2886 0.0286336 0.0249057 18.9221 12.7688 0.011689 -1 0.0430926 0.0186907 6.96497 2.67763 12.2388 2.81293 8.96475 0.357559 0.0550018 0.0341505 0.00743268 0.323944 0.0597171
16 5 1 9.68781 0.00533641 0.200629 0.370899 4.8913 0.66709 0.0527742 1.18787 0.377558 0.549246 3.53044 0.0146808 0.423759 0.43216 10.7883 0.00587132 0.00762681 11.6849 6.04056 0.000784366 -1 0.0259034 0.0135977 2.24064 0.531662 10.12 0.33738 5.81183 0.492695 0.259849 0.174192 0.113542 0.0771899 0.0126665
16 5 2 0.58131 0.0346512 0.0975792 0.393653 7.26365 0.0948664 0.0290901 5.43021 0.349392 0.00535216 1.24017 0.0133215 1.62719 0.0756204 4.11745 0.010682 0.0249227 15.101 12.7025 0.00306828 -1 0.296337 0.0135787 0.36147 3.29124 6.10783 0.352787 4.38631 0.406542 0.186821 0.00265338 0.0884949 0.0373531 0.026107
16 5 3 0.389007 0.125989 0.0348517 2.83545 6.90781 0.64526 0.0390224 6.40558 0.654718 0.0537089 0.78218 0.0161418 2.80997 0.0248856 2.68442 0.0288974 0.0731408 11.7989 9.62189 0.00806833 -1 0.135 0.613468 1.31482 2.64224 2.87189 0.00909841 0.0621269 0.170716 0.0224283 0.0439473 0.41586 0.317057 0.119579
16 5 4 0.0719071 0.0557681 0.0378864 4.1474 15.2166 0.156611 0.130472 5.99731 0.339715 0.259358 3.11748 0.0955751 4.47221 0.0169667 0.480388 0.105188 0.115683 5.8105 14.46 0.0149034 -1 0.697296 0.25739 0.204565 6.94367 1.40675 0.222873 2.32499 5.08586 0.0167726 0.0103141 0.540008 0.0533212 0.456766
16 5 5 0.835386 1.21011 0.189245 4.5591 13.7249 0.0891736 0.745933 8.92721 0.053473 0.16943 0.717367 5.17351 5.75709 0.510268 0.966418 0.0152501 0.0150147 3.18252 12.8089 0.0777058 -1 0.959368 8.4983 0.0985959 1.82045 3.94895 -1 1.21674 1.68286 1.56326 1.16982 8.62246 0.0117296 1.13149
16 5 6 0.725176 0.452777 0.0410497 3.80987 15.8003 0.0487468 1.63127 7.25677 0.0689083 0.0451896 0.11159 0.334146 1.68476 0.0608892 0.42853 0.0155934 0.0332108 1.13819 8.59197 0.0188514 -1 0.0327297 8.91382 0.0166338 3.04688 5.24945 0.775123 0.39336 1.65584 0.173885 0.0351721 6.262 0.00715688 1.1591
16 5 7 -1 -1 -1 -1 -1 -1 -1 -1 -1 -1 -1 -1 -1 -1 -1 -1 -1 -1 -1 -1 -1 -1 -1 -1 -1 -1 -1 -1 -1 -1 -1 -1 -1 -1
17 5 0 10.1894 0.000116575 0.318683 2.53719 3.7576 2.54018 0.312422 0.0218331 0.379154 0.301047 18.8308 0.221323 0.958381 0.032361 19.2219 0.00850309 0.0363955 21.9026 16.3581 0.0367422 -1 0.0668332 0.0127351 11.266 2.76342 15.249 0.72001 9.67497 0.371703 0.0552326 0.110254 0.00577709 0.777343 0.281268
17 5 1 4.65445 0.00661594 0.125162 0.932439 7.24058 0.469711 0.022998 2.53949 0.472333 0.241239 6.1974 0.00834268 0.585717 0.0876219 17.0695 0.0107272 0.0265045 12.6839 7.1636 0.0118676 -1 0.0112921 0.00375464 0.642899 0.919005 10.7326 0.170272 6.26073 0.716572 0.256094 0.264979 0.038553 0.09389 0.00723349
17 5 2 0.19893 0.157863 0.102141 0.506808 9.62839 0.105135 0.158455 6.77475 0.182253 0.0162818 4.43356 0.00927731 1.22612 0.0578654 0.790375 0.00310923 0.441088 8.7501 12.9486 0.0168106 -1 0.0554536 0.0262902 0.172219 3.48759 4.97331 0.169808 3.62593 0.254402 0.166376 0.0180229 0.0756962 0.03542 0.0550712
17 5 3 0.36053 0.703538 0.0279064 2.84041 5.80516 0.813254 0.03081 7.46765 0.316066 0.117326 1.10108 0.0678098 3.36395 0.0378175 1.72217 0.0234653 0.424108 4.72459 10.3083 0.0536772 -1 0.299254 0.684993 0.834174 1.86779 3.25309 0.00531909 0.0228482 0.0538889 0.127305 0.110127 0.407291 0.464141 0.189936
17 5 4 0.082317 0.310459 0.0321193 4.71942 16.6266 0.167136 0.134618 6.57478 0.210895 0.436683 3.46293 0.169828 4.17033 0.0386221 0.622418 0.226898 0.476561 3.54653 16.8196 0.0385405 -1 0.968901 0.190197 0.0804148 6.77045 0.779257 0.258204 1.81645 3.92672 0.0258797 0.0110045 0.385817 0.0727862 0.679396
17 5 5 1.11301 3.34529 0.229857 3.61557 12.7595 0.0862735 0.238996 7.64223 0.567292 0.281544 0.697604 3.62432 4.25774 0.50791 0.335463 0.0187354 0.0304179 1.90181 11.9502 0.105615 -1 0.7432 6.8997 0.188447 1.19674 2.63904 -1 1.39646 0.926545 2.09785 2.26646 8.08933 0.0351711 1.10472
17 5 6 0.885498 1.30916 0.0470611 2.8587 15.4047 0.0391985 1.21994 6.88368 0.0854023 0.194891 0.118843 0.273426 1.8228 0.0899263 0.323553 0.0265408 0.169746 0.570077 9.66106 0.0818962 -1 0.0371781 7.79089 0.133966 2.84021 4.35033 0.30335 0.403614 1.74021 0.171293 0.108523 5.97047 0.0364553 1.40937
17 5 7 -1 -1 -1 -1 -1 -1 -1 -1 -1 -1 -1 -1 -1 -1 -1 -1 -1 -1 -1 -1 -1 -1 -1 -1 -1 -1 -1 -1 -1 -1 -1 -1 -1 -1
18 5 0 8.09905 0.00122758 0.142281 1.13808 6.41923 1.16258 0.0957654 0.00979907 0.690866 0.490782 16.0511 0.0674483 6.06669 0.073855 14.6203 0.00238897 0.0136367 7.87733 11.481 0.0102044 -1 0.0694977 0.0630519 8.46392 2.95985 15.6127 2.55495 7.36075 0.745791 0.0402407 0.0347829 0.00437517 0.464677 0.177267
18 5 1 2.88998 0.0060968 0.130055 0.566696 5.71528 0.339786 0.0940463 2.78114 0.515596 0.125342 2.2039 0.0623348 0.376258 0.0516567 4.27976 0.00637241 0.0261029 11.084 6.24145 0.00462609 -1 0.419209 0.0187723 0.856328 0.649748 5.7331 0.611663 4.00816 0.551603 0.25951 0.161143 0.170023 0.165566 0.0241931
18 5 2 0.238379 0.0470537 0.090183 0.392833 7.8906 0.104162 0.0868484 5.03234 0.0982271 0.0148416 0.597137 0.024683 1.13605 0.0816657 0.394815 0.00769761 0.0192924 3.03706 11.2917 0.0036789 -1 0.12577 0.0187107 0.256173 2.82373 2.53716 0.295324 3.81647 0.385258 0.182962 0.0086937 0.0692371 0.0395528 0.0292997
18 5 3 0.292228 0.316542 0.0101219 2.28631 6.70819 0.824805 0.0770967 5.86913 0.456156 0.0833203 0.426657 0.046929 2.85694 0.03579 1.05463 0.019358 0.177006 2.95125 9.20163 0.0593399 -1 0.47717 0.634303 1.001 1.81468 3.11558 0.00651953 0.0296976 0.0742752 0.088465 0.0814984 0.387944 0.430362 0.310784
18 5 4 0.0756685 0.106671 0.0336253 4.04033 17.2568 0.178248 0.215429 5.94034 0.188641 0.312281 3.52777 0.138378 4.25182 0.0348405 0.215568 0.164734 0.224393 2.86254 15.4577 0.0244172 -1 1.24888 0.205965 0.125999 6.61224 1.7962 0.263176 2.50312 5.34576 0.0395685 0.014638 0.433112 0.0859665 0.697119
18 5 5 0.941982 2.1353 0.229251 2.94479 11.4063 0.0583828 0.362946 8.03672 0.0240044 0.21454 0.626035 3.1471 3.7191 0.555753 0.354999 0.0045309 0.0111055 1.66323 13.0221 0.0949899 -1 0.905008 5.30997 0.0512673 1.49065 2.36119 -1 1.10377 1.25059 1.73807 1.68025 7.02907 0.0245796 1.04129
18 5 6 0.744158 0.722422 0.043707 2.28537 14.6315 0.0356223 1.75736 6.83427 0.0751576 0.126952 0.101161 0.301894 1.52025 0.113089 0.199477 0.0265057 0.0582077 0.802691 8.92756 0.0430547 -1 0.0556694 7.52609 0.0758928 3.44556 5.86878 0.383411 0.385204 1.70773 0.178292 0.0800057 5.84942 0.0159268 1.55476
18 5 7 -1 -1 -1 -1 -1 -1 -1 -1 -1 -1 -1 -1 -1 -1 -1 -1 -1 -1 -1 -1 -1 -1 -1 -1 -1 -1 -1 -1 -1 -1 -1 -1 -1 -1
19 5 0 15.1189 0.0545981 0.146037 4.22945 5.16597 0.270013 0.131525 0.0685257 2.20483 1.21809 13.9626 0.61166 0.725036 0.429066 20.613 3.74429 0.0116514 8.83412 38.5723 0.0114293 -1 0.196985 0.0115032 7.70937 3.55916 8.64268 6.67622 13.8599 1.06229 0.157446 0.543954 0.0429919 0.740013 0.145074
19 5 1 2.77217 0.00918944 0.147827 1.68943 7.68777 1.15372 0.213035 2.94561 0.854591 0.411658 4.31776 0.020882 0.0238015 1.03098 25.2178 2.44056 0.0531876 7.27742 6.28845 0.00410806 -1 0.0480253 0.0083551 0.609447 0.749222 4.87776 1.66348 4.59231 0.646061 0.57779 0.338412 0.191236 0.221988 0.0156103
19 5 2 0.313974 0.0461519 0.123125 0.823591 8.36713 0.131801 0.12391 7.67803 0.190937 0.014906 2.9059 0.0140356 0.363097 0.877118 4.95862 1.88071 0.629206 5.8874 16.496 0.0175561 -1 0.0515287 0.0198558 0.306044 3.73667 2.32724 0.237703 4.10379 1.12314 0.186279 0.00674513 0.062996 0.0375324 0.0823601
19 5 3 0.629802 0.566622 0.0184474 3.5058 9.05122 1.11404 0.852218 9.55846 1.07518 0.376819 1.21399 0.052789 2.65432 0.218064 12.5395 0.406464 0.645028 5.54078 12.0493 0.135449 -1 9.92439 0.890004 1.06117 3.2331 3.94321 0.0421002 0.0731492 0.160849 0.402756 0.286619 0.541945 0.683685 0.132168
19 5 4 0.13129 0.110528 0.0316407 4.98119 15.4529 0.104519 1.69923 6.74739 1.21975 0.319634 2.62705 0.174567 3.96506 0.0926492 2.8478 1.42877 0.19173 1.64957 17.0903 0.100197 -1 3.2925 0.211784 0.118743 6.47751 0.725544 0.161485 2.68465 4.06343 0.0206996 0.0197501 0.50518 0.0741033 0.483068
19 5 5 0.719919 1.74283 0.199515 4.50682 13.5124 0.0942264 0.802191 7.7859 0.504261 0.201398 0.570329 3.13231 4.75708 0.813276 3.37391 0.317153 0.0126167 1.02261 13.3367 0.0699587 -1 1.80027 5.93469 0.0817873 1.73593 3.0977 -1 1.29538 0.691396 1.79902 0.749135 6.75492 0.018671 1.33356
19 5 6 0.562591 0.708306 0.0382705 3.37543 15.4177 0.013435 1.04753 8.24651 0.178634 0.0421136 0.0750746 0.180098 1.94631 0.108877 1.04758 0.274018 0.0596063 0.290962 9.76629 0.0307103 -1 0.0339035 7.87629 0.013905 3.24743 4.08932 0.283808 0.392485 1.66062 0.0800781 0.249848 5.67251 0.00540119 1.12237
19 5 7 -1 -1 -1 -1 -1 -1 -1 -1 -1 -1 -1 -1 -1 -1 -1 -1 -1 -1 -1 -1 -1 -1 -1 -1 -1 -1 -1 -1 -1 -1 -1 -1 -1 -1
20 5 0 10.0693 0.00200809 0.276852 8.84729 9.04997 0.201012 0.081458 0.0903747 1.10626 0.380781 28.0633 0.169155 0.234325 0.109523 21.1916 0.0850456 0.0421958 3.17166 33.4403 0.0196562 -1 0.0315005 0.00735278 8.72511 3.49608 9.22596 2.73909 18.9463 0.147544 0.0525732 0.089006 0.027509 1.32233 0.209774
20 5 1 1.20356 0.00862502 0.121906 2.43791 8.4265 0.488775 0.0438814 5.17277 0.342824 0.0803464 2.19618 0.0240511 0.644769 0.424999 16.3138 0.134091 0.0515848 2.87683 13.4568 0.00731808 -1 0.0106319 0.0169594 0.383061 1.38757 8.46964 0.413105 5.74082 0.619884 0.265822 0.433322 0.248907 0.222176 0.02812
20 5 2 0.172888 0.139028 0.0951191 1.14081 8.40411 0.104516 0.0561117 8.63215 0.0594921 0.0140838 1.29223 0.0252884 0.94919 0.609341 2.16684 0.148589 5.78791 1.91948 12.8755 0.0313635 -1 0.0100511 0.0428721 0.103964 4.47459 2.0927 0.203259 4.32388 0.205136 0.230344 0.00554939 0.151191 0.0163949 0.0636848
20 5 3 0.367273 0.663009 0.00622585 3.1724 6.4552 0.734574 0.0188999 8.40552 0.0794439 0.185775 0.233764 0.0269938 3.5331 0.102575 3.41694 0.0566718 1.04881 4.61921 10.3319 0.0213267 -1 0.0795634 0.840851 0.639817 2.19857 3.05097 0.00416052 0.0312518 0.0413926 0.0480588 0.0617139 0.406828 0.347088 0.125559
20 5 4 0.0507237 0.222962 0.0287761 5.14077 15.7774 0.166904 0.0602774 5.78022 0.0736829 0.447692 2.97692 0.160582 4.28195 0.0701008 1.0973 0.271868 1.45847 1.84156 15.9477 0.0143142 -1 0.809916 0.305344 0.0605522 5.92745 0.680703 0.211094 2.13392 3.52027 0.0186187 0.0112614 0.676685 0.0557159 0.567307
20 5 5 0.842993 1.68669 0.20501 4.34466 13.2396 0.0739253 0.0670984 6.90049 0.0551227 0.167369 0.914236 2.42298 4.77767 0.581537 1.008 0.0401805 0.131963 0.652275 11.667 0.0888964 -1 0.880403 7.47206 0.0559892 1.86135 3.39424 -1 1.11132 0.887597 1.53519 1.18447 8.42082 0.0119601 1.24093
20 5 6 0.840853 0.619928 0.0338921 2.7206 14.9408 0.0246956 0.802634 4.41712 0.049324 0.133803 0.155543 0.19201 2.13225 0.0926987 0.396312 0.0374967 0.256317 0.292129 8.88674 0.0747217 -1 0.0253322 8.07166 0.0858364 2.47464 4.23212 0.257508 0.357879 1.40965 0.156998 0.0755494 5.9505 0.0238286 1.33553
20 5 7 -1 -1 -1 -1 -1 -1 -1 -1 -1 -1 -1 -1 -1 -1 -1 -1 -1 -1 -1 -1 -1 -1 -1 -1 -1 -1 -1 -1 -1 -1 -1 -1 -1 -1
21 3 0 9.46398 0.0228326 0.269666 1.53663 4.67253 1.37344 0.223083 0.0679238 0.617098 0.800588 8.21635 0.292479 1.81653 0.104797 3.98852 0.0916355 0.0387244 7.11414 16.1922 0.0346249 -1 0.308963 0.444433 7.70788 4.45162 12.7112 9.2466 7.71694 1.67037 0.301068 0.129329 0.0315683 0.646249 0.312403
21 3 1 4.2581 0.0251727 0.359707 1.27975 14.7941 2.94325 0.698316 2.84946 1.27168 0.907382 4.97311 0.0477317 0.223817 0.146054 1.39252 0.0444556 0.203542 5.79261 8.0978 0.0312692 -1 1.6685 0.0444029 3.07059 0.539613 10.8019 2.24241 4.72921 3.78884 0.45964 0.242421 0.406639 0.350663 0.0517099
21 3 2 0.66352 0.0378348 0.107462 0.950676 9.28964 0.164453 1.56412 7.24074 1.89636 0.0419156 5.79528 0.012018 0.303046 0.0468213 0.89021 0.0398424 0.0301239 3.81576 9.8787 0.0164839 -1 5.64813 0.0419368 2.26137 2.79252 2.14973 0.625675 5.86529 7.0482 0.310529 0.0140944 0.396806 0.0811295 0.122546
21 3 3 0.730106 0.139938 0.0272907 4.79227 10.3201 0.841829 6.18595 6.01099 0.947118 0.136337 1.59437 0.0393082 2.07247 0.0480415 0.803012 0.0416281 0.183364 1.98365 8.3789 0.130714 -1 7.75226 0.569667 5.61828 2.24072 3.22446 0.0376867 0.417696 1.15397 0.174405 0.103403 1.07315 0.653645 0.116175
21 3 4 0.24313 0.0573108 0.0788596 6.66724 16.9978 0.188382 10.6298 6.60672 0.716624 0.512032 2.66704 0.109401 3.70576 0.146267 0.294371 0.159037 0.179668 1.69462 15.0978 0.0365512 -1 9.81917 0.183426 1.20483 6.92143 1.18701 0.514361 4.89411 7.87407 0.0331788 0.0336737 0.79671 0.121446 0.411148
21 3 5 1.38115 2.78296 0.609243 5.14183 15.76 0.250163 10.2033 11.6336 0.822153 0.434416 1.08187 5.78165 3.37431 0.994067 0.766667 0.00847733 0.0200849 1.06729 14.5391 0.194291 -1 6.36609 7.40982 1.11729 2.27365 3.14578 -1 2.86575 2.95693 2.65237 2.3444 7.04532 0.0718054 1.28101
21 3 6 1.21937 1.25392 0.241066 4.5526 15.3447 0.228397 10.9261 12.815 0.53497 0.261184 0.45855 0.778814 1.2471 0.128124 0.582211 0.0798746 0.0897082 0.507016 12.0624 0.0943492 -1 3.37226 6.75531 0.110166 4.69956 4.06072 1.69073 0.842673 3.43012 0.571154 0.140503 4.84998 0.0386595 1.19937
21 3 7 -1 -1 -1 -1 -1 -1 -1 -1 -1 -1 -1 -1 -1 -1 -1 -1 -1 -1 -1 -1 -1 -1 -1 -1 -1 -1 -1 -1 -1 -1 -1 -1 -1 -1
22 5 0 10.7396 0.0286244 0.296702 1.83251 4.8002 1.27974 0.208307 0.0862222 0.747005 1.00124 9.45068 0.413721 1.7999 0.126873 3.76259 0.0903411 0.0462646 8.43793 21.5708 0.0238818 -1 0.134217 0.414669 7.97456 5.13058 13.7095 11.0606 8.62726 2.06059 0.420169 0.150788 0.039896 0.712648 0.326359
22 5 1 4.39756 0.028382 0.403212 1.4794 16.888 3.29799 0.834664 2.999 1.46751 1.07012 5.4002 0.0508946 0.192592 0.165155 1.23659 0.0429179 0.246594 5.99735 8.5365 0.0367066 -1 1.96253 0.0450265 3.58202 0.532034 11.2904 2.57616 5.02872 4.40269 0.492558 0.221317 0.475562 0.35383 0.0538911
22 5 2 0.651247 0.0377685 0.108393 1.01115 9.44511 0.160927 1.67328 7.42652 2.02932 0.0439633 6.29059 0.0110472 0.284701 0.0458032 0.943529 0.0424445 0.0304867 4.01235 9.97537 0.0171976 -1 6.06155 0.0423141 2.40786 2.82064 2.01767 0.642174 6.03318 7.5606 0.320979 0.0146791 0.416406 0.0785896 0.125687
22 5 3 0.769566 0.111315 0.0267645 5.16231 10.78 0.816488 6.95785 6.14931 1.04387 0.134549 1.74402 0.0364965 2.01138 0.0497324 0.796792 0.0441153 0.164995 2.01833 8.46127 0.130488 -1 8.63577 0.563331 6.18451 2.35617 3.14709 0.0417334 0.467488 1.30899 0.169527 0.0986838 1.14885 0.661778 0.105233
22 5 4 0.255982 0.0514281 0.0807336 6.9239 16.9696 0.187636 11.4926 6.72887 0.753308 0.521128 2.63143 0.103069 3.7115 0.152686 0.293299 0.150255 0.168995 1.66218 15.1574 0.0367023 -1 10.3974 0.184093 1.29344 7.05336 1.15095 0.537704 5.07265 8.10533 0.0305132 0.0339662 0.826201 0.117453 0.37982
22 5 5 1.39224 2.79643 0.625974 5.25578 15.9914 0.25986 10.7104 11.7723 0.865447 0.438476 1.08807 5.93692 3.37499 1.01839 0.777818 0.00871356 0.0210408 1.05681 14.6677 0.192897 -1 6.69112 7.56897 1.15427 2.31876 3.16069 -1 2.93694 3.02203 2.68587 2.36526 7.04216 0.0708282 1.28161
22 5 6 1.26152 1.27488 0.246412 4.67139 15.4987 0.236473 11.2164 12.9954 0.549284 0.263121 0.472157 0.807638 1.24595 0.128947 0.590483 0.0821415 0.08793 0.523879 12.1802 0.0931985 -1 3.4973 6.77162 0.110551 4.75671 4.00542 1.74473 0.85386 3.50073 0.586384 0.14128 4.87059 0.0387881 1.18064
22 5 7 -1 -1 -1 -1 -1 -1 -1 -1 -1 -1 -1 -1 -1 -1 -1 -1 -1 -1 -1 -1 -1 -1 -1 -1 -1 -1 -1 -1 -1 -1 -1 -1 -1 -1
23 5 0 6.38487 0.0142637 0.346109 2.52882 5.47712 1.09419 0.123076 0.0135556 1.70705 1.9093 20.5641 0.261516 0.780423 0.316237 23.8158 2.58401 0.0110015 7.75199 26.8139 0.0341736 -1 0.0728596 0.0260238 6.94262 3.00594 18.1185 4.29633 8.24074 0.581027 0.110284 0.0641355 0.0135623 0.160117 0.136394
23 5 1 1.40158 0.0170888 0.176477 0.619693 6.65236 3.74101 0.0988413 0.703393 2.23132 1.30906 9.57186 0.0127024 0.0589367 0.448826 15.0827 0.149635 0.0245832 5.95372 6.515 0.00297454 -1 0.0209788 0.00609035 0.740352 0.480974 10.6796 2.98542 5.32455 0.587754 0.425301 0.396921 0.0712886 0.386741 0.0413068
23 5 2 0.554728 0.0418002 0.0823274 0.411143 6.53576 0.105484 0.0471865 3.60285 1.53928 0.00666279 5.6837 0.00493069 0.558446 0.201425 3.5322 0.060474 0.0628853 6.30685 9.9207 0.00353825 -1 0.202213 0.0106306 0.462475 3.33495 10.8281 0.171544 6.24604 1.36946 0.139787 0.00450876 0.0360723 0.0881843 0.114045
23 5 3 0.48383 0.382585 0.0138006 2.67217 5.43691 0.806921 1.01268 6.02087 2.5804 0.132695 1.50944 0.03666 2.51483 0.0547676 3.82309 0.0390713 0.18624 1.8077 7.15914 0.0345931 -1 1.93759 0.490323 1.38513 2.52488 5.97437 0.00804746 0.103158 0.66522 0.129674 0.111473 0.350528 0.37009 0.117106
23 5 4 0.0732433 0.0805274 0.0493125 5.16578 13.7827 0.232983 0.782489 5.49012 1.38944 0.224631 2.85539 0.267421 4.3054 0.0256688 0.858708 0.164876 0.088417 1.9927 14.8474 0.0202977 -1 0.818387 0.150865 0.590455 7.75727 3.09436 0.137929 3.67975 7.04383 0.0168367 0.0142164 0.522357 0.0435653 0.352203
23 5 5 0.840193 2.38977 0.259762 5.65268 11.3925 0.10202 2.47756 9.91194 1.09152 0.182231 0.820624 6.04437 4.55395 0.479951 1.58649 0.0169905 0.00790291 0.667488 12.5142 0.056343 -1 2.31916 6.59777 0.849052 1.96848 4.10025 -1 1.96763 1.78281 1.75553 1.03174 6.94956 0.0204515 1.62794
23 5 6 0.884317 0.951883 0.0401222 5.21 13.0071 0.0166458 4.7017 9.23917 0.326002 0.0636131 0.0982754 0.377267 1.24787 0.0236982 0.685538 0.0314591 0.0315488 0.435013 9.14125 0.0322289 -1 0.0517452 7.09562 0.0232281 3.31566 5.38471 0.517257 0.441601 2.53601 0.0959253 0.0942716 4.81038 0.0102936 1.1534
23 5 7 -1 -1 -1 -1 -1 -1 -1 -1 -1 -1 -1 -1 -1 -1 -1 -1 -1 -1 -1 -1 -1 -1 -1 -1 -1 -1 -1 -1 -1 -1 -1 -1 -1 -1
24 5 0 12.0166 0.000724587 0.236806 5.42887 4.93534 0.50123 0.160943 0.0318038 0.885212 0.517337 23.516 0.138303 0.201229 0.0379384 19.5817 0.0278939 0.0496673 8.53953 21.0143 0.0183574 -1 0.0558006 0.0131654 11.2435 2.78718 7.69785 1.18794 13.7028 0.211589 0.0391572 0.0929519 0.0398707 1.01328 0.290158
24 5 1 1.46073 0.00569395 0.105096 1.66386 8.07789 0.365607 0.0208856 2.96085 0.447546 0.306414 6.32356 0.0137131 0.673789 0.148425 14.9205 0.0438942 0.0539355 2.17201 10.0188 0.0113157 -1 0.00748153 0.00284506 0.637947 0.844503 10.5601 0.229011 6.22142 0.82028 0.239936 0.296419 0.0835295 0.176555 0.00804887
24 5 2 0.227531 0.130546 0.10785 0.729292 9.43792 0.10052 0.0810852 7.60269 0.197111 0.0149393 8.7259 0.00912441 1.02858 0.203973 1.51868 0.00721979 2.04384 5.88831 14.0903 0.0191967 -1 0.0586677 0.0312683 0.191693 3.96323 5.76863 0.20544 3.65538 0.273795 0.199536 0.00747532 0.112535 0.0612446 0.052617
24 5 3 0.266932 0.777055 0.0110285 3.04199 5.25627 0.78 0.0256886 8.40293 0.0779701 0.112664 0.610132 0.0273629 3.75397 0.0480034 2.34024 0.0254028 0.513423 2.26034 10.6109 0.0222984 -1 0.0991762 0.744329 0.575991 1.94846 3.93921 0.00479124 0.0282574 0.0807224 0.0608981 0.0712112 0.345601 0.324781 0.0785034
24 5 4 0.0521895 0.270429 0.0347027 4.73534 15.9963 0.147152 0.0846331 5.97884 0.132914 0.413289 2.92439 0.137269 4.17108 0.0391321 0.915926 0.254368 0.766216 2.81536 16.8221 0.0242952 -1 1.03504 0.242401 0.0475664 6.27569 0.806961 0.194203 1.8 3.90178 0.0232787 0.0114319 0.44852 0.0600557 0.527896
24 5 5 1.00278 2.31503 0.190158 3.83251 11.7182 0.0619684 0.24192 7.27645 0.156104 0.241446 0.907146 2.76216 4.60741 0.619918 0.554869 0.0119735 0.0640678 0.845277 11.9261 0.0888087 -1 1.08061 7.25313 0.0676423 1.44389 3.1315 -1 1.17455 0.944954 1.95071 1.56602 8.16335 0.0136831 1.15235
24 5 6 0.890784 1.12612 0.0430678 2.90635 15.231 0.0228042 0.97005 5.57075 0.0586815 0.166164 0.155483 0.23247 1.89523 0.0796085 0.362006 0.027546 0.197927 0.344669 9.74788 0.0632891 -1 0.0284372 7.77062 0.123776 2.55949 4.23541 0.294199 0.416921 1.52594 0.190671 0.0843054 5.87332 0.0327997 1.24487
24 5 7 -1 -1 -1 -1 -1 -1 -1 -1 -1 -1 -1 -1 -1 -1 -1 -1 -1 -1 -1 -1 -1 -1 -1 -1 -1 -1 -1 -1 -1 -1 -1 -1 -1 -1
25 4 0 3.14922 0.0334455 0.254355 2.53759 7.14461 0.693016 0.120124 0.0237358 0.105642 1.08416 8.39775 0.391559 0.146669 0.0463883 13.9606 4.84147 2.2944 2.4548 34.8802 0.0491806 -1 0.0868728 0.138129 9.81097 2.06037 7.93004 7.22147 10.9109 0.289739 0.032438 0.0902647 0.0101609 0.432946 0.200311
25 4 1 1.96961 0.00979165 0.199589 1.23372 12.7663 1.42622 0.0766001 2.00646 0.240127 0.444608 5.17789 0.0327559 0.242627 0.971179 9.48985 0.612281 14.2099 2.22632 17.1933 0.0512548 -1 0.0258296 0.019181 1.40417 0.659473 8.8014 0.483287 3.94203 0.556713 0.780946 0.440891 0.2824 0.230727 0.0350992
25 4 2 0.96725 0.0705897 0.150327 0.936362 9.5847 0.106661 0.0936794 7.04675 0.822277 0.161741 0.324119 0.00802779 0.987853 0.300413 5.48778 0.263946 8.65569 1.74239 14.7954 0.0242726 -1 0.0280885 0.0381459 0.42726 3.48696 2.84048 0.552682 6.65201 0.160724 0.146227 0.00650767 0.142363 0.0329276 0.0740793
25 4 3 0.610645 0.28997 0.00757026 2.66228 5.93226 0.882333 0.259169 6.94802 3.6215 0.331359 0.631523 0.0455183 2.81155 0.0706507 4.54786 0.101612 2.97253 3.93089 9.4323 0.0757811 -1 0.260022 0.821572 1.65651 1.95911 5.5044 0.0166581 0.134539 0.0345421 0.135599 0.144245 0.575036 0.737909 0.116792
25 4 4 0.295962 0.138998 0.0292899 4.31853 14.1596 0.194281 0.214955 4.56749 6.57234 0.626049 2.42603 0.164598 3.57836 0.0728328 1.90429 0.895479 3.8074 3.63456 14.1994 0.0600109 -1 0.50413 0.282057 0.622799 4.94952 1.16196 0.271268 2.40051 2.97262 0.0654443 0.0303707 0.714573 0.151203 0.574202
25 4 5 0.997191 0.629935 0.206155 3.95846 11.432 0.068136 0.263545 6.6581 3.56965 0.511508 0.560986 1.93787 3.7964 0.414309 1.15405 0.0452737 0.168795 2.24149 9.3319 0.055435 -1 0.87161 5.32157 0.973894 1.37059 2.72074 -1 1.46674 0.55548 1.00206 1.2741 5.76567 0.0655442 1.11688
25 4 6 0.858901 0.202573 0.0193223 1.57847 7.71376 0.00694752 0.656311 5.65477 5.49648 0.106058 0.064837 0.212159 1.17922 0.0526229 0.515387 0.0496544 0.122968 0.160477 9.07052 0.125561 -1 0.0554834 5.25176 0.0314512 2.00905 3.74992 0.169337 0.374734 1.06695 0.0745494 0.0798764 2.71519 0.0259085 0.468555
25 4 7 -1 -1 -1 -1 -1 -1 -1 -1 -1 -1 -1 -1 -1 -1 -1 -1 -1 -1 -1 -1 -1 -1 -1 -1 -1 -1 -1 -1 -1 -1 -1 -1 -1 -1
26 3 0 16.0292 0.0759765 0.19667 4.44359 5.52774 0.44013 0.144732 0.0562671 1.08877 1.23877 6.27475 0.632954 0.96974 0.231369 25.8928 7.16994 0.387982 2.02896 34.9884 0.0230584 -1 0.17817 0.071873 9.97758 3.12647 11.2909 10.7205 15.0185 0.889864 0.0696885 0.124376 0.0167543 0.621876 0.408636
26 3 1 7.10946 0.012111 0.605194 0.995572 22.6646 0.762758 0.420896 3.31777 0.351291 2.27497 0.980964 0.0515764 0.0656229 0.832588 17.5406 2.73918 0.52007 0.91247 16.5802 0.0610833 -1 0.0931837 0.00833457 2.36272 0.827079 11.7506 1.26244 6.92447 0.376696 1.26683 0.409518 0.361197 0.443024 0.0175505
26 3 2 1.34366 0.0388063 0.460612 0.533923 13.811 0.26626 0.498552 8.58252 0.136521 0.183702 0.576284 0.0252347 0.572094 0.264348 11.2079 1.93352 1.68877 0.905809 24.2997 0.300836 -1 0.0950011 0.0210787 0.912377 3.76171 1.42552 0.48362 4.94719 0.253276 0.413115 0.00916125 0.143882 0.152251 0.0754197
26 3 3 0.611383 0.403059 0.0293187 2.77422 11.378 1.31652 0.429164 11.2211 1.02409 0.377231 0.812014 0.0666696 2.24105 0.0896791 15.5988 0.116353 1.09437 1.65356 14.1355 0.545779 -1 2.15352 0.796646 2.96586 2.48295 4.48397 0.0415123 0.148024 0.0683564 0.576416 0.174108 0.576669 0.905415 0.13577
26 3 4 0.144939 0.0795573 0.0632911 5.78928 21.174 0.385279 1.3677 7.59059 1.10417 0.929982 2.27819 0.23386 3.68574 0.266626 5.33321 0.956196 0.703237 1.37838 22.7703 0.437632 -1 6.38421 0.135497 0.299232 7.44021 1.11147 0.392156 6.14381 3.54683 0.0641473 0.0340255 0.450147 0.233835 0.69038
26 3 5 1.74736 1.28159 0.259564 4.91723 13.4722 0.137865 0.944005 8.91955 1.67558 1.07788 1.09147 3.31338 5.60317 0.712185 4.31076 0.0332925 0.0377021 1.0714 16.3464 0.304219 -1 2.76277 6.82859 0.809247 1.92507 2.74217 -1 2.11813 0.826388 2.3518 1.07115 7.2556 0.0847419 1.51662
26 3 6 0.790725 0.421547 0.0808092 2.7264 16.4747 0.014252 2.30562 7.55105 1.00026 0.297236 0.113212 0.179414 2.06759 0.0520049 2.17428 0.0452372 0.158365 0.0864843 10.7266 0.165277 -1 0.169315 7.69749 0.042725 3.21827 4.87063 0.423164 0.403172 1.39027 0.0600417 0.120351 5.09895 0.0234714 1.0447
26 3 7 -1 -1 -1 -1 -1 -1 -1 -1 -1 -1 -1 -1 -1 -1 -1 -1 -1 -1 -1 -1 -1 -1 -1 -1 -1 -1 -1 -1 -1 -1 -1 -1 -1 -1
27 3 0 6.30604 0.0257753 0.256971 2.14723 6.26374 0.880178 0.0896362 0.0295667 0.222542 0.866593 11.9677 0.121639 0.107371 0.114038 18.4355 2.14119 2.3144 5.16565 28.0122 0.0451808 -1 0.0604903 0.267287 10.3413 2.06724 8.41829 7.12312 8.74171 0.127428 0.0473543 0.092945 0.00548359 0.329064 0.139003
27 3 1 2.28862 0.0106497 0.35612 0.895712 9.26274 0.506398 0.0968183 2.17043 0.184516 0.481253 1.45348 0.0364284 0.186289 1.93668 10.6584 0.400573 5.83995 1.38323 11.0143 0.0355126 -1 0.0206811 0.00929115 0.87545 0.701915 9.63981 0.683178 5.42817 0.525855 1.07632 0.300825 0.281303 0.35798 0.02601
27 3 2 1.29276 0.104535 0.184364 0.75973 8.76269 0.117715 0.14037 7.35786 0.223785 0.208807 0.310571 0.00901125 1.24433 0.521557 7.31057 0.202401 11.1769 0.708222 18.571 0.0340859 -1 0.0190053 0.0209015 0.471274 3.57278 1.5673 0.750613 5.83734 0.185297 0.157939 0.00451749 0.140384 0.0384745 0.0777291
27 3 3 0.513825 0.2776 0.0110924 2.45997 6.00082 0.711707 0.529033 7.71362 2.26068 0.302375 0.597307 0.0545884 2.87647 0.0692766 4.36441 0.0892555 3.05398 1.69862 9.3324 0.0727039 -1 0.12863 0.699123 2.05822 1.79783 6.73575 0.018244 0.1116 0.0253783 0.0844673 0.0949636 0.508486 0.390553 0.102051
27 3 4 0.101101 0.130567 0.0328566 4.08739 14.4655 0.141096 0.965356 5.20488 4.39707 0.447942 2.53028 0.175517 4.2738 0.0723916 1.92487 0.423308 2.97312 1.70699 13.9489 0.121868 -1 0.506247 0.265446 0.236045 5.27031 1.24146 0.354007 2.18473 3.43297 0.0232364 0.0205779 0.634386 0.0573641 0.484363
27 3 5 -1 -1 -1 -1 -1 -1 -1 -1 -1 -1 -1 -1 -1 -1 -1 -1 -1 -1 -1 -1 -1 -1 -1 -1 -1 -1 -1 -1 -1 -1 -1 -1 -1 -1
27 3 6 0.462383 0.426671 0.021765 2.45892 14.2111 0.0133204 0.951594 5.55004 1.57515 0.112318 0.0849119 0.193201 2.24673 0.067701 0.808962 0.0314145 0.183489 0.0900781 8.63013 0.0541476 -1 0.0188634 7.28633 0.028466 2.62337 4.36192 0.259699 0.335695 1.36704 0.0771542 0.0419376 4.98045 0.0134247 1.04552
27 3 7 -1 -1 -1 -1 -1 -1 -1 -1 -1 -1 -1 -1 -1 -1 -1 -1 -1 -1 -1 -1 -1 -1 -1 -1 -1 -1 -1 -1 -1 -1 -1 -1 -1 -1
28 4 0 14.0337 0.0449079 0.171218 5.00045 5.84333 0.256359 0.123899 0.0720774 1.9949 1.05599 16.6422 0.522412 0.64427 0.354909 20.7282 3.05497 0.0158106 7.79126 37.6392 0.0127995 -1 0.167283 0.0106746 7.88966 3.54801 8.76805 5.94147 14.8091 0.890427 0.137514 0.457689 0.0402799 0.84094 0.156687
28 4 1 2.49387 0.0090893 0.142943 1.82667 7.82113 1.03442 0.180158 3.34075 0.763793 0.352877 3.94135 0.0214005 0.111823 0.923241 23.6624 1.99598 0.0529059 6.39783 7.45891 0.00463597 -1 0.0409423 0.010111 0.568591 0.846903 5.51503 1.47015 4.79608 0.641308 0.533794 0.355583 0.201839 0.222016 0.0178298
28 4 2 0.274522 0.0750959 0.114296 0.911551 8.37888 0.123969 0.103524 7.97647 0.154733 0.0146679 2.4315 0.0172002 0.540913 0.794908 4.13788 1.31546 2.18805 4.69431 15.3265 0.0218905 -1 0.040049 0.02633 0.245282 3.95855 2.25672 0.226734 4.16782 0.867977 0.199233 0.00638496 0.0891824 0.0309047 0.0772378
28 4 3 0.539065 0.599714 0.0147816 3.3966 8.24311 0.990488 0.57191 9.21083 0.744493 0.306237 0.918756 0.0435087 2.92738 0.181799 9.61244 0.29147 0.779125 5.19705 11.4783 0.0972606 -1 6.61563 0.87368 0.92967 2.9058 3.64689 0.028918 0.0592999 0.120945 0.286435 0.210138 0.49853 0.573647 0.129987
28 4 4 0.104005 0.151391 0.0305922 5.0388 15.5701 0.127285 1.09291 6.39405 0.747888 0.366043 2.75365 0.169511 4.07947 0.0844462 2.21661 1.00124 0.649084 1.71896 16.6735 0.0687599 -1 2.38129 0.245561 0.0975917 6.27892 0.70905 0.179619 2.48454 3.86733 0.0199483 0.0166665 0.567409 0.0675107 0.513878
28 4 5 0.765476 1.72195 0.201501 4.44968 13.4169 0.0866066 0.533358 7.47137 0.337887 0.188697 0.700182 2.86593 4.76578 0.726007 2.697 0.212073 0.0557327 0.893749 12.7142 0.0766798 -1 1.45562 6.50918 0.0722623 1.78401 3.21183 -1 1.22902 0.758574 1.70535 0.916745 7.35738 0.0161426 1.30062
28 4 6 0.655761 0.676509 0.036705 3.14032 15.2416 0.0174747 0.963924 6.98244 0.116637 0.0755447 0.102918 0.184523 2.01745 0.103473 0.8133 0.188707 0.136857 0.234878 9.48706 0.0452285 -1 0.0310355 7.9446 0.0364401 2.95904 4.13554 0.274264 0.380812 1.57236 0.10553 0.187139 5.77561 0.0118789 1.20419
28 4 7 -1 -1 -1 -1 -1 -1 -1 -1 -1 -1 -1 -1 -1 -1 -1 -1 -1 -1 -1 -1 -1 -1 -1 -1 -1 -1 -1 -1 -1 -1 -1 -1 -1 -1
29 4 0 6.82418 0.0118776 0.327503 3.03977 5.38314 0.975885 0.128941 0.0163937 1.55402 1.65978 21.0785 0.239017 0.673492 0.26262 22.9151 2.10731 0.0136861 6.87708 25.8061 0.03165 -1 0.0699184 0.023639 7.66431 2.96841 16.0471 3.73842 9.22112 0.511084 0.0973879 0.0693029 0.0180724 0.307231 0.164645
29 4 1 1.40543 0.0163466 0.171478 0.686693 6.7508 3.52023 0.0931833 0.85044 2.10513 1.24375 9.36027 0.0127602 0.097009 0.428014 15.0721 0.142364 0.026565 5.70738 6.7114 0.00347316 -1 0.0200003 0.00586345 0.733816 0.501106 10.6718 2.82014 5.38297 0.602702 0.414219 0.390224 0.0720895 0.374225 0.0391404
29 4 2 0.514675 0.0527308 0.0856441 0.448952 6.90515 0.104891 0.0513523 4.09449 1.3708 0.00751372 5.90613 0.00541988 0.623101 0.201731 3.28716 0.0534321 0.283716 6.25538 10.4803 0.00540541 -1 0.184928 0.0130886 0.429199 3.41216 10.2063 0.175786 5.93344 1.24162 0.147171 0.00487449 0.0453403 0.084719 0.106839
29 4 3 0.446068 0.439969 0.0134255 2.72245 5.41302 0.803104 0.875325 6.32458 2.22464 0.129913 1.3972 0.0351999 2.69928 0.0538904 3.58922 0.0370851 0.232195 1.92964 7.64579 0.0328738 -1 1.64046 0.526 1.27602 2.44787 5.68852 0.0075731 0.0927017 0.582926 0.119991 0.105719 0.349881 0.363916 0.111696
29 4 4 0.0704814 0.105026 0.0474061 5.10942 14.0725 0.22158 0.690167 5.55329 1.21954 0.249139 2.86421 0.250268 4.28781 0.0273981 0.866331 0.17621 0.177204 2.09633 15.1065 0.0208069 -1 0.848163 0.162851 0.520653 7.56327 2.80122 0.145289 3.43213 6.6324 0.0176802 0.0138635 0.512926 0.0457158 0.375471
29 4 5 0.855626 2.38155 0.252707 5.43565 11.4296 0.0976161 2.23531 9.61591 0.992446 0.188592 0.829524 5.69069 4.56011 0.495846 1.48843 0.016442 0.0143846 0.68355 12.4473 0.0599862 -1 2.1807 6.66923 0.758224 1.91053 3.98942 -1 1.87986 1.68588 1.77763 1.0926 7.08237 0.0196772 1.57299
29 4 6 0.88497 0.967962 0.0404009 4.99083 13.2084 0.0171801 4.30666 8.86688 0.299417 0.0719132 0.103569 0.363493 1.30247 0.0286504 0.653564 0.031096 0.0457779 0.426644 9.19661 0.0348942 -1 0.0497539 7.15854 0.0321322 3.23696 5.27041 0.496754 0.439324 2.44372 0.103712 0.0933496 4.91437 0.0123447 1.16158
29 4 7 -1 -1 -1 -1 -1 -1 -1 -1 -1 -1 -1 -1 -1 -1 -1 -1 -1 -1 -1 -1 -1 -1 -1 -1 -1 -1 -1 -1 -1 -1 -1 -1 -1 -1
30 4 0 15.0949 0.00115546 0.230206 1.36663 6.94504 1.21889 0.0855783 0.0144222 0.896485 0.915065 18.9883 0.0971861 3.20478 0.177853 14.0246 0.0243831 0.0214071 15.7274 13.4755 0.0163369 -1 0.0482127 0.0174359 7.85728 2.69512 13.0097 2.35748 9.1193 0.361055 0.0550528 0.0503741 0.00710529 0.410889 0.108154
30 4 1 9.15589 0.00547163 0.191894 0.429622 5.15972 0.647704 0.049036 1.33071 0.389013 0.516696 3.81228 0.0141659 0.443911 0.3925 11.4544 0.00644198 0.00949747 11.7904 6.1381 0.00185021 -1 0.0247372 0.012392 2.07349 0.568685 10.1847 0.320652 5.85927 0.516255 0.259449 0.183921 0.105757 0.0786876 0.0120923
30 4 2 0.474582 0.0695821 0.0989687 0.422213 7.99393 0.097618 0.0649467 5.81635 0.30185 0.00804414 1.70993 0.0122512 1.51239 0.070684 3.22264 0.0082986 0.128399 13.3361 12.7832 0.00673065 -1 0.227416 0.0168474 0.309015 3.34567 5.79337 0.299172 4.1847 0.367022 0.181308 0.00695105 0.0850683 0.036785 0.0334341
30 4 3 0.379774 0.303667 0.0331299 2.8368 6.62253 0.691647 0.0367398 6.67135 0.530356 0.0723084 0.865977 0.0338576 2.97223 0.0280833 2.39646 0.0272424 0.172942 8.9754 9.82101 0.0207512 -1 0.185074 0.633807 1.19048 2.43021 2.98029 0.00794795 0.0510545 0.137077 0.0515559 0.0643796 0.413591 0.356402 0.139358
30 4 4 0.0748121 0.128755 0.0361915 4.31424 15.6279 0.159729 0.131682 6.16579 0.301827 0.310861 3.21127 0.117716 4.38416 0.0231103 0.522411 0.138701 0.221428 5.16404 15.1449 0.0214864 -1 0.77767 0.237792 0.168572 6.89315 1.22204 0.233555 2.18173 4.74778 0.0194288 0.0105224 0.49499 0.0591974 0.523823
30 4 5 0.907723 1.82753 0.201675 4.29832 13.4558 0.0854022 0.596232 8.58271 0.195972 0.201883 0.711766 4.72967 5.3398 0.509574 0.799169 0.0162546 0.0125731 2.85127 12.5551 0.0853249 -1 0.896406 8.02752 0.12195 1.64526 3.5675 -1 1.27151 1.46214 1.71951 1.48702 8.46101 0.0189637 1.12362
30 4 6 0.761465 0.625332 0.0421546 3.61326 15.7232 0.04685 1.54886 7.18068 0.0721797 0.0737023 0.112912 0.321047 1.71085 0.0664162 0.354913 0.0177863 0.0592638 1.02442 8.77256 0.0309626 -1 0.0335334 8.68977 0.0363267 3.00521 5.07638 0.684373 0.395104 1.67229 0.173442 0.0500181 6.19651 0.0132228 1.20625
30 4 7 -1 -1 -1 -1 -1 -1 -1 -1 -1 -1 -1 -1 -1 -1 -1 -1 -1 -1 -1 -1 -1 -1 -1 -1 -1 -1 -1 -1 -1 -1 -1 -1 -1 -1
31 4 0 9.01787 0.0395209 0.254235 4.3267 10.5373 0.298912 0.248146 0.0342644 0.166887 3.82213 4.2844 0.758646 0.477293 0.0337349 9.13008 9.67714 0.583692 5.08658 38.1054 0.0363276 -1 0.128622 0.116171 12.0994 2.38139 10.851 12.0122 17.7437 0.494744 0.111941 0.0805179 0.0155602 0.629735 0.287597
31 4 1 1.05281 0.0141284 0.302514 2.10827 12.0884 1.27772 0.208277 4.00426 0.721385 0.27138 1.4813 0.0206911 0.221801 0.17886 6.73518 2.48021 5.34194 0.979539 13.4244 0.0555108 -1 0.162642 0.020783 1.47316 0.538545 8.37703 0.723084 6.41246 0.425719 0.498402 0.477049 0.203437 0.495686 0.0714506
31 4 2 0.709302 0.0795037 0.140351 1.06863 10.7843 0.152061 0.197723 6.77896 1.43336 0.127333 0.893554 0.0525797 0.805752 0.113293 4.48835 1.45615 2.15549 3.40295 12.8254 0.0450497 -1 0.144218 0.0323684 0.373991 4.04672 1.86354 0.592609 5.74343 0.231149 0.114068 0.0871114 0.149503 0.0599858 0.097603
31 4 3 1.38631 0.240609 0.0254956 3.03714 8.36289 1.58047 0.25796 7.16737 5.451 0.464828 1.01144 0.145682 3.22945 0.0594328 3.48856 0.500874 0.927586 7.65527 7.64484 0.183769 -1 0.318035 1.13995 1.82548 2.61598 6.60619 0.0281934 0.144923 0.0686719 0.253024 0.15029 0.793012 1.07971 0.225093
31 4 4 0.971754 0.0796224 0.0422453 3.24083 15.3724 0.321013 0.531163 4.07222 9.77514 0.670058 2.77552 0.133027 4.85296 0.174126 1.06045 2.76511 1.03004 7.01729 12.8361 0.0778764 -1 0.671708 0.459904 1.07328 5.95302 1.46321 0.341649 2.73424 2.37758 0.0897878 0.0406483 1.1449 0.258475 0.657597
31 4 5 1.46148 0.42271 0.509422 2.52576 8.14287 0.115499 0.440581 5.31729 7.51759 0.818543 1.09748 2.52385 3.42752 0.959243 1.75068 0.0529366 0.0257437 4.50454 8.88301 0.285242 -1 1.35957 5.35241 5.1788 1.20412 2.66765 -1 2.77265 0.991107 2.00585 2.42651 5.16988 0.0811345 1.14856
31 4 6 1.03431 0.0971864 0.0730223 1.54249 11.7165 0.0103139 1.33451 2.93548 14.8572 0.282123 0.210134 0.305303 0.678662 0.0431262 0.873044 0.106598 0.0801949 0.380428 3.5068 0.10945 -1 0.192545 4.95214 0.0441829 1.75847 2.67268 0.296226 0.208688 0.982586 0.148837 0.0754479 2.7099 0.0347243 0.44651
31 4 7 -1 -1 -1 -1 -1 -1 -1 -1 -1 -1 -1 -1 -1 -1 -1 -1 -1 -1 -1 -1 -1 -1 -1 -1 -1 -1 -1 -1 -1 -1 -1 -1 -1 -1
32 4 0 5.57498 0.0942701 0.200363 6.33971 5.92901 1.282 1.20586 0.247144 1.59774 2.14157 1.89163 0.461945 0.18012 0.018459 0.092436 4.27267 0.0780345 0.831424 16.5521 0.0301485 -1 0.0752309 2.00565 6.19049 2.89078 8.06516 4.41255 14.536 0.932157 0.0789912 0.157113 0.00830082 7.52028 0.887423
32 4 1 2.34057 0.0182703 0.26649 2.09952 13.5559 1.53714 0.148867 4.31894 1.31688 0.344769 0.651747 0.0791921 0.118924 0.139971 15.3224 2.0756 0.11842 4.24454 10.9594 0.0155855 -1 0.0269529 0.039951 0.781093 0.358699 15.2527 0.515671 2.59262 0.656504 0.393129 0.367992 0.332571 1.04174 0.285749
32 4 2 0.234364 0.109156 0.155942 1.08534 11.8199 0.175561 0.52791 7.41081 0.588382 0.113571 0.190994 0.0494462 1.05254 0.0450915 0.56735 0.903739 0.0524593 1.96394 12.8756 0.0735019 -1 0.118877 0.0731262 0.297179 4.20523 1.11983 0.425452 3.79765 0.373518 0.191833 0.0118584 0.449198 0.036701 1.06748
32 4 3 1.4518 0.911948 0.072794 4.63428 13.4595 2.54442 0.309074 9.7552 0.373057 0.487345 1.07356 0.058889 3.16784 0.0291479 0.965217 0.0645752 0.612692 2.81481 9.32208 0.127062 -1 0.504686 2.3271 1.12137 2.79679 5.44491 0.0506878 0.0125882 0.134827 0.72379 0.426549 1.4553 1.80051 0.27535
32 4 4 0.163382 0.113082 0.169512 4.37928 23.3888 0.558715 0.704889 6.26513 3.37202 0.881683 3.71706 0.31688 5.44828 0.28734 0.723619 0.421279 0.533621 2.26141 16.2562 0.140806 -1 1.42864 0.585729 0.0483865 7.4473 1.07136 0.726993 2.11364 4.08821 0.151126 0.03008 1.45612 0.351383 1.14955
32 4 5 2.4764 0.573321 0.260693 5.42347 16.0191 0.200073 0.23483 8.69528 1.2504 1.30102 2.24605 4.83645 6.25336 0.582518 0.952148 0.0257255 0.0117975 1.37954 12.9477 0.203515 -1 0.978021 8.79897 0.272121 1.04709 3.57384 -1 1.96922 1.92925 2.58198 1.56617 9.63548 0.0531351 1.7958
32 4 6 3.67327 0.309319 0.101855 2.73974 16.6304 0.0264205 1.03245 5.89583 0.517088 0.621367 0.390952 0.6061 2.88683 0.0934431 0.721322 0.0618027 0.155537 0.0779403 8.71786 0.142835 -1 0.104265 7.57588 0.148203 2.26631 4.16646 0.236102 0.369397 2.19572 0.194904 0.0707051 5.46048 0.0360271 1.19682
32 4 7 -1 -1 -1 -1 -1 -1 -1 -1 -1 -1 -1 -1 -1 -1 -1 -1 -1 -1 -1 -1 -1 -1 -1 -1 -1 -1 -1 -1 -1 -1 -1 -1 -1 -1
33 4 0 3.63305 0.0789806 0.17361 8.08957 4.94056 1.16887 1.36636 0.330356 1.44721 2.69051 0.9662 0.333459 0.30393 0.0154263 0.122825 5.15376 0.0413401 0.70957 14.488 0.0214691 -1 0.0544363 3.42404 4.05203 2.79039 9.59685 4.37292 16.4743 1.61198 0.157723 0.322546 0.013198 9.18304 0.788485
33 4 1 1.81619 0.0149787 0.250686 1.86415 16.7596 1.62277 0.18987 4.64783 2.51342 0.252969 0.343833 0.131965 0.0395676 0.243303 15.9177 2.21597 0.117856 3.93006 14.968 0.0180154 -1 0.0317808 0.0431082 0.946625 0.413621 12.3558 0.650934 3.5045 0.450732 0.341921 0.567434 0.347706 1.16576 0.46599
33 4 2 0.256021 0.157262 0.215495 0.982867 14.2341 0.250875 1.76986 6.05688 0.410006 0.0519937 0.249353 0.383747 1.06964 0.0951621 0.0638528 0.511152 0.0674624 0.898428 12.6393 0.0828019 -1 0.0517306 0.0765924 0.230803 3.74783 0.950949 0.363503 3.80606 0.297322 0.270705 0.0161505 0.37082 0.0527861 0.987099
33 4 3 1.603 0.822771 0.0667378 4.75463 14.6669 2.83007 0.286875 9.69055 0.243394 0.340855 1.00342 0.0503253 4.00604 0.0393012 1.03309 0.0814386 0.566866 3.44577 7.67302 0.128975 -1 0.543104 2.23354 0.853427 2.40735 4.64876 0.0243204 0.0125305 0.14008 0.654418 0.42663 1.43669 1.79117 0.171627
33 4 4 0.187278 0.0865159 0.0848172 4.61572 26.1949 0.64704 0.732614 6.92208 0.387636 0.268734 3.49049 0.385067 5.61314 0.348841 0.109182 0.374608 0.157203 1.64566 16.4508 0.127587 -1 1.7777 0.472359 0.0301685 7.62344 0.943222 0.784654 2.04631 4.36305 0.143621 0.0429398 1.30613 0.496272 0.848687
33 4 5 2.96179 0.404655 0.300205 5.54254 16.7541 0.24144 0.185666 8.57703 1.57794 0.872742 1.91226 5.82765 6.33405 0.558692 0.623048 0.00677183 0.00489608 1.54526 12.9813 0.245253 -1 1.12345 9.08069 0.150015 1.10586 3.82362 -1 1.62815 2.21205 2.35963 1.65697 10.1977 0.103797 1.9376
33 4 6 3.1893 0.203987 0.0944687 1.82781 17.1865 0.0563909 1.32917 3.63309 0.539086 0.418323 0.301654 0.478295 2.24315 0.0974058 0.113305 0.068512 0.176227 0.0555591 7.37974 0.137775 -1 0.158954 5.33257 0.21285 2.10544 4.55488 0.279141 0.327137 1.63279 0.176959 0.0859678 5.29216 0.0643081 0.712218
33 4 7 -1 -1 -1 -1 -1 -1 -1 -1 -1 -1 -1 -1 -1 -1 -1 -1 -1 -1 -1 -1 -1 -1 -1 -1 -1 -1 -1 -1 -1 -1 -1 -1 -1 -1
34 4 0 10.7803 0.0159782 0.197351 4.58398 6.84193 0.214901 0.127088 0.0703851 3.69927 6.83476 2.93009 0.0865643 0.128416 0.0200512 0.475269 4.64276 0.0612539 14.733 29.0901 0.0324043 -1 0.0643925 6.51962 4.88545 3.01131 12.2004 5.26987 15.5896 0.336199 0.0468428 0.0644417 0.0176708 0.160347 0.159514
34 4 1 0.66382 0.0484995 0.139218 2.32538 8.27953 1.19975 0.13367 2.1883 0.717993 0.318349 5.24271 0.321469 0.370051 0.155338 3.87017 0.945581 0.133484 0.422814 9.22055 0.0251104 -1 0.0564817 0.445974 0.391901 0.381546 6.79385 0.531345 3.49872 0.382584 0.262433 0.496136 0.103661 0.125504 0.135944
34 4 2 0.282277 0.106423 0.114502 1.48195 9.33965 0.153974 0.105629 5.67977 0.609785 0.0104594 0.825509 0.098326 0.393117 0.0651552 1.70793 0.299861 0.262997 2.82193 11.4739 0.0170084 -1 0.0415551 0.0452566 0.216936 3.71018 2.17781 0.712576 2.77054 0.310976 0.134256 0.0307954 0.218768 0.031701 0.285553
34 4 3 0.708457 0.302899 0.0117954 4.04233 8.95856 1.14496 0.155557 7.64388 1.99096 0.650351 0.774821 0.0859941 3.40401 0.0588344 1.96246 0.173438 0.309958 2.65667 9.40959 0.148218 -1 0.141278 1.68075 0.814365 3.14403 6.10871 0.0193982 0.0356395 0.134594 0.116622 0.141199 1.02369 0.643937 0.342527
34 4 4 0.12244 0.129564 0.0308689 5.0291 15.3086 0.238656 0.247776 4.92727 1.84405 0.833641 2.75348 0.154771 5.72231 0.303669 0.917185 0.723074 0.71807 2.50214 13.3304 0.0396327 -1 0.700881 0.880756 0.0812902 6.2075 1.56241 0.315183 2.00448 3.93618 0.0370115 0.021162 1.40607 0.109693 0.763431
34 4 5 0.974265 0.809938 0.221652 4.32903 13.41 0.0731341 0.187011 6.06958 2.29684 0.601656 0.908854 2.86558 7.0661 0.494151 3.12909 0.0323819 0.0139063 1.80504 10.4697 0.154947 -1 0.953606 8.43016 1.21259 1.22252 3.63328 -1 1.68186 0.958911 1.51693 1.74558 8.48537 0.0281077 1.68712
34 4 6 1.44894 0.279109 0.14333 3.01069 15.6052 0.0260755 0.569904 4.26848 0.655188 0.531933 0.247925 0.445654 2.26505 0.0480396 2.09377 0.0451459 0.0547332 0.261293 6.80632 0.0422927 -1 0.0594712 8.41517 0.0383177 2.28997 3.90445 0.498166 0.3331 1.76513 0.227835 0.0525723 5.39782 0.012072 1.4622
34 4 7 -1 -1 -1 -1 -1 -1 -1 -1 -1 -1 -1 -1 -1 -1 -1 -1 -1 -1 -1 -1 -1 -1 -1 -1 -1 -1 -1 -1 -1 -1 -1 -1 -1 -1
35 4 0 10.1793 0.0153386 0.269495 6.93624 9.10332 0.271678 0.123766 0.30021 1.57424 6.28272 6.87863 0.132973 0.097228 0.0628474 0.518597 3.4208 0.0603326 9.43715 37.7861 0.045846 -1 0.124077 2.10997 6.93097 2.72835 14.693 6.65564 17.1961 0.26089 0.031583 0.069055 0.0149672 0.217475 0.177838
35 4 1 1.28481 0.019971 0.108842 2.1904 8.31385 1.30655 0.122437 2.57087 1.02859 0.29574 4.08889 0.14629 0.402621 0.0657095 7.0434 0.489185 0.053891 0.314619 10.1566 0.00485874 -1 0.175056 0.940825 0.336701 0.435021 8.69836 0.734362 3.19207 0.618969 0.190356 0.694683 0.127092 0.128324 0.193287
35 4 2 0.420263 0.151635 0.110031 1.36167 8.39615 0.160439 0.0764019 8.28536 0.411612 0.0372117 0.832631 0.0838809 0.255229 0.0467551 1.79332 0.419653 0.271683 4.98055 11.5404 0.0114182 -1 0.0410003 0.124175 0.564636 4.08743 1.66107 0.692955 2.92786 0.557333 0.194347 0.00769387 0.258991 0.050711 0.326002
35 4 3 0.7663 0.381479 0.0141681 3.65956 9.46029 1.19864 0.123658 12.6914 0.91429 0.64684 0.836438 0.111599 3.01095 0.0482101 1.71431 0.114918 0.423745 2.54816 8.69367 0.120364 -1 0.148578 1.94263 1.80653 3.18038 4.41933 0.0265396 0.051151 0.307085 0.220817 0.186566 1.2301 0.819894 0.376809
35 4 4 0.105344 0.204172 0.0475258 4.2227 16.7769 0.336119 0.248948 6.98399 1.93061 1.0412 3.32525 0.194441 5.75834 0.278049 1.38622 0.704815 0.763525 3.61897 11.7292 0.0560261 -1 0.776286 0.847199 0.116819 7.49017 1.3951 0.419057 2.44052 5.12362 0.0583774 0.0272913 1.38576 0.157503 0.9922
35 4 5 1.03786 1.28385 0.268399 4.35861 15.2739 0.118865 0.104818 7.90024 0.593796 0.603305 0.810078 3.39146 7.62017 0.535075 1.71199 0.0069662 0.0251418 1.26537 10.724 0.169107 -1 0.965374 9.5551 0.246841 1.57518 3.94171 -1 1.55181 1.33411 1.57569 1.59214 9.86535 0.0591078 2.0196
35 4 6 1.42144 0.658186 0.0885717 2.64498 16.3905 0.0351783 0.7816 5.00905 0.931012 0.484131 0.29827 0.494128 2.34125 0.0814288 1.86307 0.0486671 0.0834353 0.393439 7.72438 0.15587 -1 0.0384779 8.34816 0.0638133 2.43427 4.09313 0.732479 0.376557 2.40509 0.23312 0.0919108 5.56106 0.0264324 1.41363
35 4 7 -1 -1 -1 -1 -1 -1 -1 -1 -1 -1 -1 -1 -1 -1 -1 -1 -1 -1 -1 -1 -1 -1 -1 -1 -1 -1 -1 -1 -1 -1 -1 -1 -1 -1
36 4 0 8.04754 0.0131413 0.296543 8.31481 12.0102 0.453167 0.11444 0.231681 0.671774 6.61975 2.59779 0.178657 0.174127 0.0414059 0.223537 2.87914 0.0679101 3.35812 40.1973 0.0856074 -1 0.176407 2.52894 11.2471 3.22664 14.767 8.9463 17.5877 0.374382 0.0436944 0.187435 0.0612573 0.519097 0.186053
36 4 1 0.839537 0.0125912 0.112388 3.14616 10.2177 1.64921 0.115697 3.72627 1.64831 0.164471 0.171507 0.0284169 0.0693993 0.0244482 1.18326 0.648656 0.0385162 0.432172 10.9697 0.00535076 -1 0.0929986 0.538366 0.527663 0.597897 11.8213 0.686897 4.7658 0.669636 0.215647 0.675523 0.189966 0.223116 0.14918
36 4 2 0.389993 0.097675 0.12488 1.55151 8.70775 0.16165 0.103033 7.69651 0.202598 0.0370372 0.116705 0.0291794 0.205249 0.0423034 1.79396 0.28996 0.245173 4.52844 13.3246 0.0271709 -1 0.0295048 0.322683 0.637197 4.13846 1.15297 0.602516 2.46917 0.471064 0.174156 0.00480074 0.273217 0.0534937 0.229348
36 4 3 0.802867 0.408762 0.018737 3.62522 9.2601 1.37618 0.110614 11.7293 0.755617 0.580023 0.812067 0.145809 3.21113 0.0484976 1.76617 0.128057 0.586359 3.81155 8.26614 0.085304 -1 0.159926 1.90653 2.63218 2.64273 3.71373 0.0297699 0.0719432 0.294057 0.270702 0.205983 1.39976 0.817536 0.265664
36 4 4 0.106733 0.224619 0.0527936 3.98921 16.9767 0.307293 0.159956 9.39058 1.73927 0.994631 3.32196 0.158898 5.86304 0.26322 1.07992 0.681268 0.691184 3.60618 11.2523 0.0501656 -1 0.724726 0.786626 0.0644536 6.27899 1.39828 0.445953 2.20282 5.69675 0.057751 0.0256163 1.47174 0.173615 0.910567
36 4 5 1.08449 1.55547 0.270005 4.59025 16.603 0.126696 0.10028 7.10604 0.471772 0.655262 0.896747 3.44909 7.96441 0.441047 0.849306 0.00268097 0.0480011 1.55263 10.9639 0.183182 -1 0.935774 9.89255 0.117984 1.62838 3.90977 -1 1.60347 1.54058 1.53311 1.87316 10.5907 0.139914 2.09824
36 4 6 1.59017 0.463278 0.0880261 2.34163 15.5749 0.0371913 0.909663 4.56806 0.430287 0.728007 0.380162 0.39812 2.46542 0.0933902 1.61939 0.0606869 0.207536 0.331337 6.94896 0.213827 -1 0.0678466 7.57258 0.0745145 2.2802 4.06591 0.721308 0.387289 1.93601 0.246318 0.155002 5.69515 0.0305566 1.45039
36 4 7 -1 -1 -1 -1 -1 -1 -1 -1 -1 -1 -1 -1 -1 -1 -1 -1 -1 -1 -1 -1 -1 -1 -1 -1 -1 -1 -1 -1 -1 -1 -1 -1 -1 -1
37 4 0 4.6573 0.0156102 0.246136 8.26179 10.595 0.536987 0.208625 0.116841 0.450671 4.06283 2.54691 0.473287 0.0902199 0.0304985 0.400575 3.57068 0.0466049 1.88744 41.1659 0.0702568 -1 0.295875 1.12219 15.6825 3.9293 14.4648 9.4288 16.3276 0.453294 0.0742566 0.330771 0.0655729 0.788973 0.16643
37 4 1 0.565363 0.00745019 0.0980317 2.70945 9.7369 1.74014 0.16127 3.6951 1.78754 0.427964 0.125209 0.0204364 0.205764 0.0283133 0.498858 0.531633 0.0569911 0.731597 10.7632 0.0100713 -1 0.0350703 0.314585 0.714846 0.880963 13.8944 0.577549 4.69757 0.693145 0.281763 0.707125 0.276515 0.592202 0.074893
37 4 2 0.363943 0.114503 0.129521 1.54785 10.4392 0.160448 0.134641 7.251 0.0840871 0.0130451 0.187898 0.0196329 0.284158 0.0455847 0.211841 0.498235 0.0954751 3.04157 14.2275 0.0316086 -1 0.0188522 0.31736 0.297482 4.75579 1.62039 0.54075 3.13674 0.383185 0.168376 0.00466132 0.360439 0.0720185 0.167142
37 4 3 0.853864 0.481703 0.0163015 4.10489 8.53785 1.46533 0.069582 7.5407 0.182665 0.904421 0.869474 0.19321 3.71688 0.0308479 1.11043 0.0890355 0.622847 4.66567 8.92815 0.0504503 -1 0.210942 2.39927 1.17592 1.93078 4.55851 0.0461314 0.0374809 0.0955348 0.238956 0.288547 1.5891 0.834988 0.313285
37 4 4 0.120331 0.148939 0.0343049 4.91815 19.4327 0.368106 0.139614 6.71125 0.594926 1.00578 3.03729 0.192223 6.91579 0.304903 0.715785 0.543883 0.574369 3.56463 13.1579 0.0472709 -1 0.676 1.05565 0.0341273 5.33923 1.19134 0.574082 1.43292 4.16467 0.0529387 0.0408679 1.76125 0.1087 1.04486
37 4 5 1.05647 0.635973 0.204799 5.54142 17.4281 0.0867867 0.0826805 5.68463 0.577134 0.453839 0.808564 3.1487 7.96883 0.245424 1.30933 0.0042278 0.0118265 0.93572 10.5187 0.101707 -1 0.79094 10.598 0.10503 1.48897 4.25896 -1 1.43635 1.37458 1.42298 1.40642 10.4313 0.103738 1.8924
37 4 6 2.16909 0.187016 0.0846721 2.59367 16.0071 0.0336024 0.733566 3.70081 0.462994 0.874085 0.328895 0.431771 2.17904 0.0501983 2.25316 0.049364 0.162985 0.17491 6.6309 0.149353 -1 0.0508076 7.32858 0.0650707 2.24436 4.13921 0.44803 0.36624 1.80581 0.226981 0.128119 5.35717 0.0441702 1.64122
37 4 7 -1 -1 -1 -1 -1 -1 -1 -1 -1 -1 -1 -1 -1 -1 -1 -1 -1 -1 -1 -1 -1 -1 -1 -1 -1 -1 -1 -1 -1 -1 -1 -1 -1 -1
38 4 0 3.40325 0.0227866 0.250295 9.43697 9.23189 0.470015 0.121699 0.245536 0.362721 3.42412 4.76631 0.377189 0.175993 0.0884435 0.536217 3.4492 0.0320706 1.09642 33.7909 0.038645 -1 0.141856 1.4244 14.8357 3.7286 16.0519 7.52484 11.3232 0.454213 0.0722385 0.150397 0.0534255 0.849994 0.196072
38 4 1 0.78687 0.0041716 0.169603 2.25617 10.0764 1.95786 0.134753 2.97943 1.62423 0.90797 0.317092 0.0144268 0.359072 0.0317343 0.75107 0.43667 0.0672956 1.64545 10.3384 0.00567484 -1 0.0290311 0.208676 0.812238 1.00125 13.1298 0.660819 4.31441 0.74166 0.266044 0.471372 0.434147 0.606589 0.113274
38 4 2 0.340229 0.102566 0.143794 1.70141 11.9376 0.154666 0.143499 7.75875 0.106561 0.0102717 0.200289 0.0250018 0.325826 0.0482778 0.509541 0.578022 0.0376633 2.80965 14.8037 0.0328487 -1 0.0255242 0.188935 0.260933 5.1569 1.77456 0.542287 3.50425 0.393863 0.1977 0.00503056 0.447019 0.091462 0.27761
38 4 3 1.0348 0.601529 0.0194018 4.32808 8.76026 1.55678 0.0546781 7.88341 0.229806 0.866056 1.08801 0.210867 3.93906 0.0397266 1.25785 0.0917208 0.522971 3.33954 9.88307 0.0464403 -1 0.314536 2.51006 0.522411 1.90848 4.91869 0.0619655 0.0244391 0.0729104 0.335055 0.28256 1.36466 1.07329 0.697469
38 4 4 0.131447 0.167983 0.0349325 4.73328 19.6629 0.302645 0.101421 5.33359 0.693324 0.970774 2.80464 0.27933 6.69916 0.290454 0.749572 0.420227 0.511888 2.16672 14.0844 0.0331425 -1 1.38464 1.0259 0.0309512 4.95341 0.920211 0.56544 1.35502 3.85884 0.0483786 0.0258527 1.65029 0.0774823 1.08934
38 4 5 1.24088 0.759007 0.216947 5.24854 17.085 0.0964261 0.0814988 5.85343 0.443903 0.363565 0.690222 3.51153 7.24663 0.253297 1.37452 0.00368696 0.0221506 0.720111 10.5026 0.118372 -1 0.720571 10.0624 0.137892 1.50246 3.85747 -1 1.35137 1.60511 1.47734 1.29377 9.81642 0.067079 2.18725
38 4 6 1.79427 0.287031 0.0836105 2.68615 16.7705 0.0270577 0.560448 4.777 0.281452 0.650501 0.239373 0.551033 2.25666 0.0417398 0.934442 0.0617569 0.111006 0.152399 7.60206 0.166734 -1 0.0532278 7.53363 0.0469462 2.4982 3.98044 0.310177 0.30707 2.07735 0.161197 0.0966677 5.27158 0.0281746 1.85781
38 4 7 -1 -1 -1 -1 -1 -1 -1 -1 -1 -1 -1 -1 -1 -1 -1 -1 -1 -1 -1 -1 -1 -1 -1 -1 -1 -1 -1 -1 -1 -1 -1 -1 -1 -1
39 4 0 4.35259 0.0607888 0.218714 8.38394 8.60728 0.399981 0.148812 0.35263 0.430668 3.65475 7.10795 0.291685 0.156823 0.15517 0.427853 6.23233 0.0805773 1.56123 29.1449 0.0197215 -1 0.08725 1.92121 11.7662 3.27054 17.0082 6.40441 10.1615 0.402963 0.0776908 0.0955261 0.0392118 0.635183 0.249366
39 4 1 1.82606 0.00943898 0.238608 2.77913 10.5225 1.97835 0.0777628 3.16921 0.548962 0.86928 0.922287 0.0188501 0.44592 0.0644512 0.837473 0.425423 0.0512472 3.09013 9.77599 0.00418233 -1 0.0415768 0.065456 0.867946 0.9582 11.3544 0.739203 3.49066 0.633203 0.279712 0.246265 0.462384 0.398293 0.222121
39 4 2 0.44504 0.149195 0.137948 1.80273 12.4272 0.14212 0.104632 8.76832 0.235485 0.011706 0.0970992 0.0211451 0.321608 0.0542991 1.85642 0.601882 0.0707926 2.1696 15.334 0.0429908 -1 0.0447021 0.130995 0.355122 5.41479 1.57863 0.515728 3.79062 0.377571 0.143277 0.00852642 0.449568 0.0533247 0.495242
39 4 3 1.25283 0.806356 0.0253458 4.49871 9.77058 1.62358 0.0725967 9.10207 0.40427 0.316269 1.13414 0.151964 3.52804 0.0432804 2.18003 0.128791 0.406488 2.10807 10.1498 0.0689092 -1 0.325535 2.33277 0.619797 2.20391 4.43764 0.0718783 0.0139564 0.0906426 0.371388 0.253566 1.19381 1.10347 0.291212
39 4 4 0.137032 0.220792 0.0346372 4.70475 19.2999 0.299774 0.138558 5.96801 1.32061 0.994236 2.99428 0.265416 6.05457 0.276028 1.63592 0.46142 0.55891 2.01938 14.0977 0.0495681 -1 1.95129 0.967429 0.0416187 5.48364 0.852415 0.523275 1.56671 4.02979 0.0613059 0.0209877 1.4722 0.0774047 1.01836
39 4 5 1.74894 1.25162 0.237998 4.953 15.8695 0.105539 0.124117 6.77616 0.924919 0.512533 0.381713 3.88796 7.63023 0.27133 0.929313 0.0040037 0.0728745 1.03851 10.8349 0.13386 -1 0.623755 9.02598 0.243836 1.45819 3.53036 -1 1.43684 1.8057 1.39162 1.3349 9.37915 0.0706169 1.72456
39 4 6 1.87604 0.571504 0.0825836 3.004 16.9392 0.0374864 0.58085 5.65344 0.720933 0.749553 0.306321 0.638323 2.41548 0.0464465 0.630158 0.0936702 0.0811493 0.145254 8.6358 0.155703 -1 0.0541761 8.027 0.0436572 2.81364 4.08255 0.381716 0.286652 2.32541 0.212992 0.0644218 5.1601 0.0148486 1.59607
39 4 7 -1 -1 -1 -1 -1 -1 -1 -1 -1 -1 -1 -1 -1 -1 -1 -1 -1 -1 -1 -1 -1 -1 -1 -1 -1 -1 -1 -1 -1 -1 -1 -1 -1 -1
40 4 0 7.05188 0.0759377 0.186505 4.89694 6.61647 0.623314 0.174765 0.228189 0.489019 3.46557 8.4831 0.570844 0.206146 0.125852 0.393744 8.20212 0.106681 0.874488 18.2688 0.0288488 -1 0.135489 0.890177 10.7993 2.95866 13.7963 5.22503 10.7432 0.378275 0.072221 0.108758 0.0237261 0.908619 0.479844
40 4 1 2.01417 0.0368478 0.250457 3.37507 11.4186 1.58451 0.071635 4.23313 0.612244 0.655178 0.98032 0.0214654 0.39156 0.120111 1.97081 0.548123 0.0964767 2.1364 9.87892 0.00663886 -1 0.0262003 0.0644218 0.810711 0.833575 11.9751 0.727723 3.44398 0.563883 0.352882 0.274734 0.421721 0.412056 0.175453
40 4 2 0.515515 0.216757 0.150147 1.61795 12.4499 0.165563 0.0862969 9.20711 0.377278 0.0411865 0.0947887 0.0169333 0.575825 0.0570949 3.79068 0.735754 0.0757429 3.39879 15.0593 0.0589776 -1 0.0389831 0.100095 0.32451 5.54075 1.34768 0.539962 3.28033 0.393696 0.0988024 0.0115174 0.41197 0.044618 0.335436
40 4 3 1.63901 0.924681 0.0189806 4.55406 10.4969 1.81592 0.13941 9.57589 0.819215 0.4293 1.25179 0.12884 3.19958 0.0226543 3.28487 0.168173 0.488032 3.19971 9.6377 0.0955613 -1 0.352669 2.58452 1.05463 2.20296 4.29916 0.0327924 0.014357 0.142627 0.432163 0.342588 1.2194 1.37348 0.259061
40 4 4 0.155954 0.215213 0.0411468 4.26179 20.0783 0.336555 0.369136 6.24657 1.80998 1.08751 3.10224 0.210722 5.45814 0.169744 1.27631 0.509256 0.652064 2.10235 14.6219 0.0995129 -1 1.79218 0.749906 0.0631197 6.26852 0.887488 0.530451 1.96084 4.64222 0.0757053 0.0230985 1.31214 0.100059 0.801003
40 4 5 1.95073 1.47934 0.276514 4.69508 15.6658 0.124182 0.185887 6.8365 0.848423 0.750857 0.590284 4.29758 7.13274 0.297757 0.481978 0.0185728 0.0348399 1.26068 11.7362 0.172634 -1 0.576881 8.37747 0.293221 1.32077 3.43697 -1 1.68144 1.76935 1.61491 1.5444 9.19107 0.0392258 1.6452
40 4 6 2.08615 0.886827 0.0919586 3.0204 16.9595 0.0545982 0.650443 6.16005 0.512451 0.859177 0.349286 0.598124 2.69695 0.059918 0.549994 0.135091 0.122188 0.104052 9.19998 0.164624 -1 0.0377937 7.95538 0.0634981 2.74842 4.20419 0.325192 0.30882 2.50938 0.191015 0.0557877 5.09682 0.0169691 1.61792
40 4 7 -1 -1 -1 -1 -1 -1 -1 -1 -1 -1 -1 -1 -1 -1 -1 -1 -1 -1 -1 -1 -1 -1 -1 -1 -1 -1 -1 -1 -1 -1 -1 -1 -1 -1
41 4 0 6.77261 0.0926514 0.181748 4.80975 6.23171 0.921376 0.375302 0.21753 1.69588 2.4755 3.73621 0.677603 0.20777 0.0600766 0.109555 4.72956 0.0953262 1.00524 15.4082 0.0298086 -1 0.116103 1.17656 10.0262 2.89042 9.67335 4.79183 11.05 0.506208 0.0534662 0.116831 0.0171083 2.52114 0.732717
41 4 1 1.98701 0.0279292 0.274765 2.956 12.9746 1.51525 0.0904861 4.84872 1.14139 0.420173 0.668408 0.0249451 0.335853 0.0619785 7.59156 0.704783 0.19776 2.48833 10.4019 0.011186 -1 0.0286764 0.0604531 0.826176 0.52121 13.9684 0.58094 2.97319 0.682849 0.535733 0.2581 0.331303 0.687948 0.154707
41 4 2 0.380611 0.174537 0.140068 1.27118 11.5205 0.161953 0.117305 8.81585 0.651404 0.105916 0.190706 0.0186279 0.9472 0.0415857 2.55411 1.00222 0.0543748 3.66067 14.643 0.0718749 -1 0.1571 0.0697604 0.298818 5.06544 1.16069 0.466849 2.99875 0.441053 0.0974256 0.00758114 0.436669 0.0345761 0.348341
41 4 3 2.37954 0.93137 0.023162 4.46438 11.6174 2.13776 0.294192 9.41336 0.586851 0.656801 1.53032 0.0834894 3.27581 0.0227834 1.98226 0.0800246 0.585944 2.75503 9.60443 0.103472 -1 0.416447 2.77846 1.39317 2.58167 5.01823 0.0255178 0.0143347 0.17406 0.622812 0.428028 1.53422 1.65893 0.328575
41 4 4 0.180503 0.1465 0.11417 3.83756 21.3429 0.464839 0.608765 6.13282 3.52623 1.11907 3.3176 0.205975 5.19279 0.179089 1.1363 0.553533 0.760252 2.30967 15.1441 0.141772 -1 1.67704 0.615891 0.079964 6.83697 0.991272 0.598802 2.12719 4.25639 0.111372 0.0236413 1.33739 0.236255 0.986798
41 4 5 1.8538 1.03899 0.249758 4.70558 15.078 0.127216 0.191652 7.20256 1.40909 1.12945 1.49374 4.33745 6.25529 0.414721 0.688807 0.0432434 0.0059347 1.49675 12.0034 0.164215 -1 0.606746 8.1126 0.366984 1.097 3.48318 -1 1.94635 1.73879 1.98243 1.43408 8.82036 0.038559 1.70747
41 4 6 2.7139 0.795189 0.0908917 2.96901 16.5659 0.0413847 0.801366 6.3612 0.528908 0.61919 0.354484 0.548416 2.96789 0.0721681 0.689768 0.0966104 0.145093 0.0942049 9.02266 0.126422 -1 0.054746 7.89488 0.0838501 2.40527 4.21526 0.265534 0.34403 2.36241 0.18422 0.0614676 5.16681 0.0183433 1.4657
41 4 7 -1 -1 -1 -1 -1 -1 -1 -1 -1 -1 -1 -1 -1 -1 -1 -1 -1 -1 -1 -1 -1 -1 -1 -1 -1 -1 -1 -1 -1 -1 -1 -1 -1 -1
